timeOpen,timeClose,timeHigh,timeLow,name,open,high,low,close,volume,marketCap,timestamp
2024-02-01T00:00:00.000Z,2024-02-01T23:59:59.999Z,2024-02-01T22:01:00.000Z,2024-02-01T04:37:00.000Z,2781,97.0248408912,97.9441881542,93.3791924476,97.846696899,2951395443.99,42658921528.67,2024-02-01T23:59:59.999Z
2024-01-31T00:00:00.000Z,2024-01-31T23:59:59.999Z,2024-01-31T18:01:00.000Z,2024-01-31T21:31:00.000Z,2781,101.4492535259,102.5480678169,96.103595289,97.028708523,3814467068.33,42279995731.26,2024-01-31T23:59:59.999Z
2024-01-30T00:00:00.000Z,2024-01-30T23:59:59.999Z,2024-01-30T11:59:00.000Z,2024-01-30T01:02:00.000Z,2781,101.5666670031,106.2134590384,101.1093919576,101.4729783132,3328090832.82,44190898509.94,2024-01-30T23:59:59.999Z
2024-01-29T00:00:00.000Z,2024-01-29T23:59:59.999Z,2024-01-29T23:46:00.000Z,2024-01-29T00:57:00.000Z,2781,95.9379822346,101.7719112238,95.1761345745,101.5666670031,2604890574.81,44219659597.08,2024-01-29T23:59:59.999Z
2024-01-28T00:00:00.000Z,2024-01-28T23:59:59.999Z,2024-01-28T10:53:00.000Z,2024-01-28T00:50:00.000Z,2781,94.1818970731,99.3773735518,93.5383304661,95.9379822346,2425625612.03,41577492468.44,2024-01-28T23:59:59.999Z
2024-01-27T00:00:00.000Z,2024-01-27T23:59:59.999Z,2024-01-27T23:17:00.000Z,2024-01-27T09:02:00.000Z,2781,92.3876285941,94.4376148116,90.8447609178,94.1632153,1256585306.52,40808775857.36,2024-01-27T23:59:59.999Z
2024-01-26T00:00:00.000Z,2024-01-26T23:59:59.999Z,2024-01-26T20:18:00.000Z,2024-01-26T01:14:00.000Z,2781,86.8894502269,93.5286723642,86.1483950448,92.4423700574,2027305107.36,40051732062.32,2024-01-26T23:59:59.999Z
2024-01-25T00:00:00.000Z,2024-01-25T23:59:59.999Z,2024-01-25T01:02:00.000Z,2024-01-25T17:20:00.000Z,2781,88.737797142,89.3768249753,85.2736780434,86.8892116072,1674093023.78,37645386638.01,2024-01-25T23:59:59.999Z
2024-01-24T00:00:00.000Z,2024-01-24T23:59:59.999Z,2024-01-24T23:52:00.000Z,2024-01-24T04:16:00.000Z,2781,84.2872649142,89.2677202058,83.4186829568,88.7320065218,2352477735.58,38434388688.28,2024-01-24T23:59:59.999Z
2024-01-23T00:00:00.000Z,2024-01-23T23:59:59.999Z,2024-01-23T04:32:00.000Z,2024-01-23T14:23:00.000Z,2781,83.6218398416,85.8401836646,79.0666941892,84.2745052054,2990436327.17,36503053042.26,2024-01-23T23:59:59.999Z
2024-01-22T00:00:00.000Z,2024-01-22T23:59:59.999Z,2024-01-22T01:07:00.000Z,2024-01-22T19:43:00.000Z,2781,90.903693878,91.6361600945,82.6597648147,83.6228111686,2662287481.36,36210732592.34,2024-01-22T23:59:59.999Z
2024-01-21T00:00:00.000Z,2024-01-21T23:59:59.999Z,2024-01-21T10:32:00.000Z,2024-01-21T23:59:00.000Z,2781,92.5895273088,93.7137867957,90.8484332896,90.8484332896,894963197.47,39339877376.47,2024-01-21T23:59:59.999Z
2024-01-20T00:00:00.000Z,2024-01-20T23:59:59.999Z,2024-01-20T01:35:00.000Z,2024-01-20T15:05:00.000Z,2781,93.3938021806,94.0253124026,90.49375491,92.5698356029,1204443545.51,40074327320.01,2024-01-20T23:59:59.999Z
2024-01-19T00:00:00.000Z,2024-01-19T23:59:59.999Z,2024-01-19T07:06:00.000Z,2024-01-19T16:46:00.000Z,2781,94.2506724242,95.1647300943,87.4836592607,93.3861704099,2631067383.09,40428014064.37,2024-01-19T23:59:59.999Z
2024-01-18T00:00:00.000Z,2024-01-18T23:59:59.999Z,2024-01-18T00:08:00.000Z,2024-01-18T19:59:00.000Z,2781,102.0294973015,102.9231418729,92.1405799867,94.2509566185,2684524712.92,40791006370.9,2024-01-18T23:59:59.999Z
2024-01-17T00:00:00.000Z,2024-01-17T23:59:59.999Z,2024-01-17T11:32:00.000Z,2024-01-17T08:08:00.000Z,2781,97.6158080295,102.4337362014,97.0551606299,102.0636024387,3220344762.81,44173861651.09,2024-01-17T23:59:59.999Z
2024-01-16T00:00:00.000Z,2024-01-16T23:59:59.999Z,2024-01-16T22:20:00.000Z,2024-01-16T00:02:00.000Z,2781,94.4383493117,98.5953069507,94.3966809951,97.6269142107,1806576879.31,42242678606.96,2024-01-16T23:59:59.999Z
2024-01-15T00:00:00.000Z,2024-01-15T23:59:59.999Z,2024-01-15T03:04:00.000Z,2024-01-15T15:51:00.000Z,2781,94.0365475468,96.8212324003,93.2411108996,94.4902249701,1755858498.77,40884383289.93,2024-01-15T23:59:59.999Z
2024-01-14T00:00:00.000Z,2024-01-14T23:59:59.999Z,2024-01-14T16:26:00.000Z,2024-01-14T23:43:00.000Z,2781,95.7326471662,102.1735819686,93.8905646558,94.1331412224,2736734724.73,40716891332.77,2024-01-14T23:59:59.999Z
2024-01-13T00:00:00.000Z,2024-01-13T23:59:59.999Z,2024-01-13T21:09:00.000Z,2024-01-13T01:15:00.000Z,2781,91.7597389354,96.9176447207,89.7544917461,95.7300497253,1880329064.95,41407829286.0,2024-01-13T23:59:59.999Z
2024-01-12T00:00:00.000Z,2024-01-12T23:59:59.999Z,2024-01-12T00:10:00.000Z,2024-01-12T22:31:00.000Z,2781,99.9118696684,100.2544945494,88.3098482319,91.7209085446,2868799887.89,39640966832.35,2024-01-12T23:59:59.999Z
2024-01-11T00:00:00.000Z,2024-01-11T23:59:59.999Z,2024-01-11T14:52:00.000Z,2024-01-11T06:19:00.000Z,2781,102.1036548493,106.9357343236,98.4125018964,99.9094415986,4174026719.18,43180158130.69,2024-01-11T23:59:59.999Z
2024-01-10T00:00:00.000Z,2024-01-10T23:59:59.999Z,2024-01-10T23:21:00.000Z,2024-01-10T15:02:00.000Z,2781,99.3842384172,105.0823738318,92.5632608289,102.0330218515,4216429513.64,44063260014.84,2024-01-10T23:59:59.999Z
2024-01-09T00:00:00.000Z,2024-01-09T23:59:59.999Z,2024-01-09T04:59:00.000Z,2024-01-09T00:40:00.000Z,2781,97.8160351445,103.7961668615,95.8937912629,99.4091890021,4070131683.36,42936802212.18,2024-01-09T23:59:59.999Z
2024-01-08T00:00:00.000Z,2024-01-08T23:59:59.999Z,2024-01-08T19:28:00.000Z,2024-01-08T03:28:00.000Z,2781,89.2781780385,99.7618695707,85.6467007601,97.7904454168,4152448359.92,42237863322.44,2024-01-08T23:59:59.999Z
2024-01-07T00:00:00.000Z,2024-01-07T23:59:59.999Z,2024-01-07T14:10:00.000Z,2024-01-07T23:31:00.000Z,2781,93.8603521731,96.6923999266,88.2234552262,89.2763469989,2288061691.69,38549501330.29,2024-01-07T23:59:59.999Z
2024-01-06T00:00:00.000Z,2024-01-06T23:59:59.999Z,2024-01-06T00:01:00.000Z,2024-01-06T06:58:00.000Z,2781,99.987990613,100.0374100059,92.0227918135,93.8577212913,2235902092.36,40477077058.89,2024-01-06T23:59:59.999Z
2024-01-05T00:00:00.000Z,2024-01-05T23:59:59.999Z,2024-01-05T00:24:00.000Z,2024-01-05T17:10:00.000Z,2781,105.0520106915,105.2354304347,95.9427253988,99.9787925731,3022127825.74,43103713121.13,2024-01-05T23:59:59.999Z
2024-01-04T00:00:00.000Z,2024-01-04T23:59:59.999Z,2024-01-04T20:48:00.000Z,2024-01-04T10:25:00.000Z,2781,98.5869748223,107.9824647334,97.1083268411,105.0775345746,3272723247.05,45207060498.53,2024-01-04T23:59:59.999Z
2024-01-03T00:00:00.000Z,2024-01-03T23:59:59.999Z,2024-01-03T07:12:00.000Z,2024-01-03T12:13:00.000Z,2781,106.6165309948,109.8480887731,92.9236647101,98.5944399406,5472216594.93,42397055220.06,2024-01-03T23:59:59.999Z
2024-01-02T00:00:00.000Z,2024-01-02T23:59:59.999Z,2024-01-02T09:38:00.000Z,2024-01-02T23:52:00.000Z,2781,109.5490633162,116.8824911028,106.3889883633,106.6112176597,3782057552.64,45844632122.14,2024-01-02T23:59:59.999Z
2024-01-01T00:00:00.000Z,2024-01-01T23:59:59.999Z,2024-01-01T23:59:00.000Z,2024-01-01T00:00:00.000Z,2781,101.5128100998,109.5086792101,101.5128100998,109.5086792101,2157671990.39,47090921460.2,2024-01-01T23:59:59.999Z
2023-12-31T00:00:00.000Z,2023-12-31T23:59:59.999Z,2023-12-31T12:19:00.000Z,2023-12-31T03:31:00.000Z,2781,101.8441801402,105.1335419431,99.8864277238,101.5058185509,1748630533.28,43576016359.84,2023-12-31T23:59:59.999Z
2023-12-30T00:00:00.000Z,2023-12-30T23:59:59.999Z,2023-12-30T01:28:00.000Z,2023-12-30T09:46:00.000Z,2781,106.2984995748,107.3282210492,101.068125124,101.8450841365,1863177830.27,43721923849.37,2023-12-30T23:59:59.999Z
2023-12-29T00:00:00.000Z,2023-12-29T23:59:59.999Z,2023-12-29T09:34:00.000Z,2023-12-29T01:02:00.000Z,2781,102.0692856091,109.6711165154,100.0555116856,106.3115137698,4445797972.81,45626554052.31,2023-12-29T23:59:59.999Z
2023-12-28T00:00:00.000Z,2023-12-28T23:59:59.999Z,2023-12-28T00:32:00.000Z,2023-12-28T14:46:00.000Z,2781,107.0227042537,109.4206545597,97.6686440725,102.1045649397,4492625125.53,43773566954.27,2023-12-28T23:59:59.999Z
2023-12-27T00:00:00.000Z,2023-12-27T23:59:59.999Z,2023-12-27T11:01:00.000Z,2023-12-27T17:05:00.000Z,2781,112.654828942,115.033876569,105.4252293532,107.0237929463,4267938569.01,45817869730.12,2023-12-27T23:59:59.999Z
2023-12-26T00:00:00.000Z,2023-12-26T23:59:59.999Z,2023-12-26T00:07:00.000Z,2023-12-26T17:43:00.000Z,2781,121.084336659,121.1439986543,104.728217061,112.6767379085,6117657160.15,48313950137.9,2023-12-26T23:59:59.999Z
2023-12-25T00:00:00.000Z,2023-12-25T23:59:59.999Z,2023-12-25T18:13:00.000Z,2023-12-25T00:46:00.000Z,2781,112.5641165402,125.1938965069,108.9033805584,121.1464603673,5951791517.7,51786611386.75,2023-12-25T23:59:59.999Z
2023-12-24T00:00:00.000Z,2023-12-24T23:59:59.999Z,2023-12-24T04:16:00.000Z,2023-12-24T00:00:00.000Z,2781,107.7251334663,117.3806650237,107.7251334663,112.4852109133,6365529250.56,48084460234.67,2023-12-24T23:59:59.999Z
2023-12-23T00:00:00.000Z,2023-12-23T23:59:59.999Z,2023-12-23T22:55:00.000Z,2023-12-23T04:09:00.000Z,2781,98.0016886374,109.5088436608,93.1067646041,107.5942324756,3957434567.94,45992080618.39,2023-12-23T23:59:59.999Z
2023-12-22T00:00:00.000Z,2023-12-22T23:59:59.999Z,2023-12-22T02:41:00.000Z,2023-12-22T09:19:00.000Z,2781,93.8580173323,99.1244273483,90.7984026895,98.0036898033,5284203994.7,41880257527.77,2023-12-22T23:59:59.999Z
2023-12-21T00:00:00.000Z,2023-12-21T23:59:59.999Z,2023-12-21T23:13:00.000Z,2023-12-21T01:19:00.000Z,2781,82.185647394,95.3234419058,81.2377111173,93.8548106677,4711493440.89,40107699034.92,2023-12-21T23:59:59.999Z
2023-12-20T00:00:00.000Z,2023-12-20T23:59:59.999Z,2023-12-20T18:15:00.000Z,2023-12-20T00:00:00.000Z,2781,72.9899925573,83.9574517042,72.9899925573,82.1912309049,3745738278.0,35163692628.75,2023-12-20T23:59:59.999Z
2023-12-19T00:00:00.000Z,2023-12-19T23:59:59.999Z,2023-12-19T07:52:00.000Z,2023-12-19T18:02:00.000Z,2781,74.349192201,76.2714066534,72.0106119373,72.989769789,1900875404.86,31228131991.34,2023-12-19T23:59:59.999Z
2023-12-18T00:00:00.000Z,2023-12-18T23:59:59.999Z,2023-12-18T21:49:00.000Z,2023-12-18T10:35:00.000Z,2781,70.9326343969,75.3805385039,67.3344053437,74.3471642602,2281865174.45,31799840320.44,2023-12-18T23:59:59.999Z
2023-12-17T00:00:00.000Z,2023-12-17T23:59:59.999Z,2023-12-17T19:19:00.000Z,2023-12-17T23:37:00.000Z,2781,73.4747847003,74.7200150572,70.8244536169,71.0005220431,1552380671.94,30369699317.36,2023-12-17T23:59:59.999Z
2023-12-16T00:00:00.000Z,2023-12-16T23:59:59.999Z,2023-12-16T16:01:00.000Z,2023-12-16T00:40:00.000Z,2781,72.4334771927,77.0791980176,71.5693411999,73.4735021539,1781972897.55,31418622371.22,2023-12-16T23:59:59.999Z
2023-12-15T00:00:00.000Z,2023-12-15T23:59:59.999Z,2023-12-15T09:49:00.000Z,2023-12-15T23:58:00.000Z,2781,75.6366902252,79.1510720507,72.3666359293,72.3689914588,2821390651.83,30946209748.6,2023-12-15T23:59:59.999Z
2023-12-14T00:00:00.000Z,2023-12-14T23:59:59.999Z,2023-12-14T23:31:00.000Z,2023-12-14T02:36:00.000Z,2781,70.748674331,76.1799827077,69.8573264068,75.6203316959,2464938440.18,32331670085.39,2023-12-14T23:59:59.999Z
2023-12-13T00:00:00.000Z,2023-12-13T23:59:59.999Z,2023-12-13T22:22:00.000Z,2023-12-13T07:03:00.000Z,2781,68.5322527587,72.3547582825,64.3697761453,70.767784104,2414610074.74,30246516215.66,2023-12-13T23:59:59.999Z
2023-12-12T00:00:00.000Z,2023-12-12T23:59:59.999Z,2023-12-12T02:25:00.000Z,2023-12-12T18:01:00.000Z,2781,70.3442831594,72.3409298331,65.9689964081,68.5406812864,2366453483.89,29225637724.22,2023-12-12T23:59:59.999Z
2023-12-11T00:00:00.000Z,2023-12-11T23:59:59.999Z,2023-12-11T00:01:00.000Z,2023-12-11T14:35:00.000Z,2781,74.714223404,74.8381117892,67.2154912028,70.3671758271,3729540309.39,29993796014.15,2023-12-11T23:59:59.999Z
2023-12-10T00:00:00.000Z,2023-12-10T23:59:59.999Z,2023-12-10T23:58:00.000Z,2023-12-10T10:01:00.000Z,2781,72.2729504042,74.7245972527,70.9192299197,74.7058865212,1849363354.2,31830671446.41,2023-12-10T23:59:59.999Z
2023-12-09T00:00:00.000Z,2023-12-09T23:59:59.999Z,2023-12-09T07:47:00.000Z,2023-12-09T23:37:00.000Z,2781,74.9895460091,77.5020238813,72.0396893756,72.2576057578,2893248364.08,30778693904.72,2023-12-09T23:59:59.999Z
2023-12-08T00:00:00.000Z,2023-12-08T23:59:59.999Z,2023-12-08T23:50:00.000Z,2023-12-08T00:01:00.000Z,2781,67.8467176473,75.1297932691,67.8412295903,75.002436131,3612712432.31,31949059185.36,2023-12-08T23:59:59.999Z
2023-12-07T00:00:00.000Z,2023-12-07T23:59:59.999Z,2023-12-07T22:25:00.000Z,2023-12-07T00:05:00.000Z,2781,61.9340416662,69.3004686312,61.8730078189,67.8378270757,3002455074.66,28902143956.65,2023-12-07T23:59:59.999Z
2023-12-06T00:00:00.000Z,2023-12-06T23:59:59.999Z,2023-12-06T09:05:00.000Z,2023-12-06T00:00:00.000Z,2781,60.9798669718,66.3836245534,60.9798669718,61.9029583029,3030993885.78,26332769686.16,2023-12-06T23:59:59.999Z
2023-12-05T00:00:00.000Z,2023-12-05T23:59:59.999Z,2023-12-05T18:13:00.000Z,2023-12-05T07:46:00.000Z,2781,61.5291743141,62.5400036716,59.2508292699,60.994830463,1693517648.74,25890669935.12,2023-12-05T23:59:59.999Z
2023-12-04T00:00:00.000Z,2023-12-04T23:59:59.999Z,2023-12-04T05:47:00.000Z,2023-12-04T14:10:00.000Z,2781,63.0377679488,65.1332406135,60.2805226741,61.5266137085,2211865569.01,26108945916.99,2023-12-04T23:59:59.999Z
2023-12-03T00:00:00.000Z,2023-12-03T23:59:59.999Z,2023-12-03T01:09:00.000Z,2023-12-03T17:32:00.000Z,2781,63.8208765181,65.3962590797,62.4166228292,63.0399654472,1368876645.17,26749940761.24,2023-12-03T23:59:59.999Z
2023-12-02T00:00:00.000Z,2023-12-02T23:59:59.999Z,2023-12-02T23:59:00.000Z,2023-12-02T00:02:00.000Z,2781,59.8037447992,63.832860031,59.7737604837,63.832860031,1346327048.52,27078672252.97,2023-12-02T23:59:59.999Z
2023-12-01T00:00:00.000Z,2023-12-01T23:59:59.999Z,2023-12-01T10:04:00.000Z,2023-12-01T00:50:00.000Z,2781,59.2381770658,61.7580176392,58.7782104274,59.8039973432,1376669759.63,25369600095.54,2023-12-01T23:59:59.999Z
2023-11-30T00:00:00.000Z,2023-11-30T23:59:59.999Z,2023-11-30T12:50:00.000Z,2023-11-30T01:11:00.000Z,2781,59.2535178485,61.4378748923,58.9469206238,59.2416237142,1263841020.66,25115707773.59,2023-11-30T23:59:59.999Z
2023-11-29T00:00:00.000Z,2023-11-29T23:59:59.999Z,2023-11-29T09:07:00.000Z,2023-11-29T00:16:00.000Z,2781,58.1930495222,61.6533595185,57.8550900923,59.2501295194,1941361673.85,25093452354.89,2023-11-29T23:59:59.999Z
2023-11-28T00:00:00.000Z,2023-11-28T23:59:59.999Z,2023-11-28T20:56:00.000Z,2023-11-28T06:02:00.000Z,2781,55.0626279421,58.6068220608,54.0853241435,58.1943692854,1412314014.59,24639227969.5,2023-11-28T23:59:59.999Z
2023-11-27T00:00:00.000Z,2023-11-27T23:59:59.999Z,2023-11-27T01:10:00.000Z,2023-11-27T19:49:00.000Z,2781,57.6288668342,58.0212239709,53.7144693178,55.0646196778,1237763215.47,23315764052.11,2023-11-27T23:59:59.999Z
2023-11-26T00:00:00.000Z,2023-11-26T23:59:59.999Z,2023-11-26T00:07:00.000Z,2023-11-26T16:33:00.000Z,2781,58.8454186021,58.9579611653,56.5114561215,57.6426988254,871154750.01,24407453540.0,2023-11-26T23:59:59.999Z
2023-11-25T00:00:00.000Z,2023-11-25T23:59:59.999Z,2023-11-25T02:34:00.000Z,2023-11-25T00:08:00.000Z,2781,56.8662869289,59.6541437371,56.3252781438,58.8464904739,1183793273.27,24910006396.5,2023-11-25T23:59:59.999Z
2023-11-24T00:00:00.000Z,2023-11-24T23:59:59.999Z,2023-11-24T10:37:00.000Z,2023-11-24T00:15:00.000Z,2781,56.578890504,58.6860117602,56.3490920753,56.8664407452,1146346830.94,24069836546.4,2023-11-24T23:59:59.999Z
2023-11-23T00:00:00.000Z,2023-11-23T23:59:59.999Z,2023-11-23T12:16:00.000Z,2023-11-23T19:31:00.000Z,2781,57.5780165414,59.4739212876,56.2875644951,56.5993690437,1379316732.86,23949413792.84,2023-11-23T23:59:59.999Z
2023-11-22T00:00:00.000Z,2023-11-22T23:59:59.999Z,2023-11-22T21:13:00.000Z,2023-11-22T00:01:00.000Z,2781,52.0021265971,58.7915650775,51.7374964502,57.5885597373,1985653841.94,24365952890.74,2023-11-22T23:59:59.999Z
2023-11-21T00:00:00.000Z,2023-11-21T23:59:59.999Z,2023-11-21T01:49:00.000Z,2023-11-21T22:58:00.000Z,2781,56.540366435,57.365686755,51.5559139562,52.0004730182,2440890238.03,21995659219.31,2023-11-21T23:59:59.999Z
2023-11-20T00:00:00.000Z,2023-11-20T23:59:59.999Z,2023-11-20T00:00:00.000Z,2023-11-20T23:43:00.000Z,2781,61.3704586738,61.3704586738,56.3534328949,56.5338342947,1937313546.42,23913284883.86,2023-11-20T23:59:59.999Z
2023-11-19T00:00:00.000Z,2023-11-19T23:59:59.999Z,2023-11-19T23:19:00.000Z,2023-11-19T01:35:00.000Z,2781,58.5242843168,62.0211523818,56.8826487614,61.3935581427,1998656461.24,25961432818.7,2023-11-19T23:59:59.999Z
2023-11-18T00:00:00.000Z,2023-11-18T23:59:59.999Z,2023-11-18T19:57:00.000Z,2023-11-18T07:07:00.000Z,2781,58.3926749297,59.2834434248,55.0623123486,58.5127250794,1942321169.36,24743277356.78,2023-11-18T23:59:59.999Z
2023-11-17T00:00:00.000Z,2023-11-17T23:59:59.999Z,2023-11-17T02:01:00.000Z,2023-11-17T15:47:00.000Z,2781,57.9210377383,60.4162892562,54.5516465122,58.4159355145,3185454734.79,24694112031.14,2023-11-17T23:59:59.999Z
2023-11-16T00:00:00.000Z,2023-11-16T23:59:59.999Z,2023-11-16T06:40:00.000Z,2023-11-16T23:28:00.000Z,2781,65.539446888,67.9921534619,56.8101295259,57.8714010298,3922608772.03,24458743630.75,2023-11-16T23:59:59.999Z
2023-11-15T00:00:00.000Z,2023-11-15T23:59:59.999Z,2023-11-15T20:29:00.000Z,2023-11-15T03:44:00.000Z,2781,56.8399408432,66.8676646758,56.3089857029,65.5344027024,3793937162.46,27682833195.96,2023-11-15T23:59:59.999Z
2023-11-14T00:00:00.000Z,2023-11-14T23:59:59.999Z,2023-11-14T14:23:00.000Z,2023-11-14T00:01:00.000Z,2781,51.902216821,57.7301066655,51.714460977,56.8383758553,3195616616.34,24008328584.88,2023-11-14T23:59:59.999Z
2023-11-13T00:00:00.000Z,2023-11-13T23:59:59.999Z,2023-11-13T14:19:00.000Z,2023-11-13T23:59:00.000Z,2781,56.1806260617,59.7136591555,51.9070508347,51.9070508347,2942685125.96,21919715447.04,2023-11-13T23:59:59.999Z
2023-11-12T00:00:00.000Z,2023-11-12T23:59:59.999Z,2023-11-12T07:46:00.000Z,2023-11-12T00:50:00.000Z,2781,56.1320321844,61.7149054657,54.9421060416,56.1540967764,2987356951.97,23706316366.18,2023-11-12T23:59:59.999Z
2023-11-11T00:00:00.000Z,2023-11-11T23:59:59.999Z,2023-11-11T14:35:00.000Z,2023-11-11T08:24:00.000Z,2781,56.6409947383,63.4154486643,54.044867649,56.1026629416,4182963131.69,23628554348.09,2023-11-11T23:59:59.999Z
2023-11-10T00:00:00.000Z,2023-11-10T23:59:59.999Z,2023-11-10T23:25:00.000Z,2023-11-10T00:06:00.000Z,2781,45.4423696785,57.3491019934,45.2168475462,56.6438540417,3795204637.52,23840315649.8,2023-11-10T23:59:59.999Z
2023-11-09T00:00:00.000Z,2023-11-09T23:59:59.999Z,2023-11-09T14:55:00.000Z,2023-11-09T01:10:00.000Z,2781,43.1818713079,48.7030660817,42.6081852307,45.4448278295,2830770419.34,19133073938.9,2023-11-09T23:59:59.999Z
2023-11-08T00:00:00.000Z,2023-11-08T23:59:59.999Z,2023-11-08T08:35:00.000Z,2023-11-08T01:08:00.000Z,2781,43.0859178747,43.8050559528,42.3942276339,43.1898880799,1009177436.83,18178633103.95,2023-11-08T23:59:59.999Z
2023-11-07T00:00:00.000Z,2023-11-07T23:59:59.999Z,2023-11-07T21:01:00.000Z,2023-11-07T03:02:00.000Z,2781,42.1377721353,44.4258493324,40.3199083276,43.0925459627,1780187159.34,18137705915.71,2023-11-07T23:59:59.999Z
2023-11-06T00:00:00.000Z,2023-11-06T23:59:59.999Z,2023-11-06T23:55:00.000Z,2023-11-06T05:29:00.000Z,2781,41.2385640116,42.1550689345,39.8250779394,42.1285902954,1010459087.96,17697740585.54,2023-11-06T23:59:59.999Z
2023-11-05T00:00:00.000Z,2023-11-05T23:59:59.999Z,2023-11-05T02:13:00.000Z,2023-11-05T21:54:00.000Z,2781,42.3733667786,42.8035405828,40.3801274615,41.238601527,884855277.69,17323908541.65,2023-11-05T23:59:59.999Z
2023-11-04T00:00:00.000Z,2023-11-04T23:59:59.999Z,2023-11-04T23:09:00.000Z,2023-11-04T00:28:00.000Z,2781,39.5202100018,42.6952385949,39.1687938367,42.3465946932,1454107897.52,17784202445.23,2023-11-04T23:59:59.999Z
2023-11-03T00:00:00.000Z,2023-11-03T23:59:59.999Z,2023-11-03T00:01:00.000Z,2023-11-03T10:41:00.000Z,2781,40.2089264287,40.2257228945,38.2183749229,39.5197619585,1755955299.39,16597062992.6,2023-11-03T23:59:59.999Z
2023-11-02T00:00:00.000Z,2023-11-02T23:59:59.999Z,2023-11-02T12:01:00.000Z,2023-11-02T17:19:00.000Z,2781,41.3859489959,44.4891254563,38.9753441393,40.207571016,2583692673.44,16865518992.02,2023-11-02T23:59:59.999Z
2023-11-01T00:00:00.000Z,2023-11-01T23:59:59.999Z,2023-11-01T18:40:00.000Z,2023-11-01T06:31:00.000Z,2781,38.5130579855,46.2508990562,37.9610526419,41.4615443331,3630725002.35,17390661823.52,2023-11-01T23:59:59.999Z
2023-10-31T00:00:00.000Z,2023-10-31T23:59:59.999Z,2023-10-31T23:58:00.000Z,2023-10-31T00:23:00.000Z,2781,34.9598323793,38.5464329229,34.9084370225,38.5195167149,1577034191.13,16150980273.4,2023-10-31T23:59:59.999Z
2023-10-30T00:00:00.000Z,2023-10-30T23:59:59.999Z,2023-10-30T12:28:00.000Z,2023-10-30T06:13:00.000Z,2781,32.8190333713,35.1728923451,32.3945647902,34.962338178,1099930941.07,14659514819.84,2023-10-30T23:59:59.999Z
2023-10-29T00:00:00.000Z,2023-10-29T23:59:59.999Z,2023-10-29T17:39:00.000Z,2023-10-29T01:25:00.000Z,2781,31.6521012943,33.1313304616,31.4342016749,32.8226090456,507672244.42,13762372734.52,2023-10-29T23:59:59.999Z
2023-10-28T00:00:00.000Z,2023-10-28T23:59:59.999Z,2023-10-28T11:36:00.000Z,2023-10-28T23:10:00.000Z,2781,31.7399213341,32.4776677913,31.5063139498,31.6533177257,380462073.39,13268187392.89,2023-10-28T23:59:59.999Z
2023-10-27T00:00:00.000Z,2023-10-27T23:59:59.999Z,2023-10-27T12:52:00.000Z,2023-10-27T18:31:00.000Z,2781,32.7764366145,33.3024022573,31.5251393205,31.7396982075,870812665.82,13303382707.03,2023-10-27T23:59:59.999Z
2023-10-26T00:00:00.000Z,2023-10-26T23:59:59.999Z,2023-10-26T07:19:00.000Z,2023-10-26T16:52:00.000Z,2781,32.4618552046,33.2213420525,30.7970672286,32.7754949078,1015617285.08,13700711575.99,2023-10-26T23:59:59.999Z
2023-10-25T00:00:00.000Z,2023-10-25T23:59:59.999Z,2023-10-25T12:40:00.000Z,2023-10-25T00:16:00.000Z,2781,30.1512213588,33.6932232667,30.0598725854,32.4630684868,1458706203.39,13567595628.21,2023-10-25T23:59:59.999Z
2023-10-24T00:00:00.000Z,2023-10-24T23:59:59.999Z,2023-10-24T02:52:00.000Z,2023-10-24T21:11:00.000Z,2781,31.8496568441,32.3603185472,29.7020935784,30.1515356928,1450364573.3,12599219539.99,2023-10-24T23:59:59.999Z
2023-10-23T00:00:00.000Z,2023-10-23T23:59:59.999Z,2023-10-23T23:02:00.000Z,2023-10-23T15:34:00.000Z,2781,29.2622213262,32.4687715135,28.9017402095,31.8509835724,1581590968.66,13276972898.21,2023-10-23T23:59:59.999Z
2023-10-22T00:00:00.000Z,2023-10-22T23:59:59.999Z,2023-10-22T05:29:00.000Z,2023-10-22T11:38:00.000Z,2781,29.3842282382,29.9661920443,28.2086452113,29.0366830635,665340923.7,12100222063.88,2023-10-22T23:59:59.999Z
2023-10-21T00:00:00.000Z,2023-10-21T23:59:59.999Z,2023-10-21T22:06:00.000Z,2023-10-21T05:07:00.000Z,2781,27.0344808404,30.1424487367,26.7126134309,29.3862294884,1160814432.9,12245914628.25,2023-10-21T23:59:59.999Z
2023-10-20T00:00:00.000Z,2023-10-20T23:59:59.999Z,2023-10-20T23:04:00.000Z,2023-10-20T01:16:00.000Z,2781,24.9375440309,27.3161694778,24.77450647,27.0336745727,910991446.97,11262191238.56,2023-10-20T23:59:59.999Z
2023-10-19T00:00:00.000Z,2023-10-19T23:59:59.999Z,2023-10-19T16:28:00.000Z,2023-10-19T01:47:00.000Z,2781,23.4334784593,25.3890767944,23.2564455217,24.9379202962,663249208.46,10389126739.22,2023-10-19T23:59:59.999Z
2023-10-18T00:00:00.000Z,2023-10-18T23:59:59.999Z,2023-10-18T05:46:00.000Z,2023-10-18T23:52:00.000Z,2781,23.959225046,24.3029987103,23.4240780465,23.4321381095,362606643.91,9758901428.45,2023-10-18T23:59:59.999Z
2023-10-17T00:00:00.000Z,2023-10-17T23:59:59.999Z,2023-10-17T08:53:00.000Z,2023-10-17T13:52:00.000Z,2781,23.9815904248,24.4852662681,23.6443902897,23.9593175981,520830664.95,9974718410.37,2023-10-17T23:59:59.999Z
2023-10-16T00:00:00.000Z,2023-10-16T23:59:59.999Z,2023-10-16T13:33:00.000Z,2023-10-16T00:00:00.000Z,2781,21.9225868018,24.4144690199,21.9225868018,23.9829566346,726713710.09,9984171245.34,2023-10-16T23:59:59.999Z
2023-10-15T00:00:00.000Z,2023-10-15T23:59:59.999Z,2023-10-15T01:50:00.000Z,2023-10-15T15:13:00.000Z,2781,22.0105349119,22.135814335,21.7113825595,21.9220272385,178940995.76,9125212586.19,2023-10-15T23:59:59.999Z
2023-10-14T00:00:00.000Z,2023-10-14T23:59:59.999Z,2023-10-14T09:22:00.000Z,2023-10-14T00:04:00.000Z,2781,21.8343553132,22.1968131512,21.8219120572,22.0117186905,174004593.57,9159645525.39,2023-10-14T23:59:59.999Z
2023-10-13T00:00:00.000Z,2023-10-13T23:59:59.999Z,2023-10-13T21:05:00.000Z,2023-10-13T04:07:00.000Z,2781,21.2999558922,22.1566539636,21.1320355849,21.8349178515,269268806.51,9085980629.07,2023-10-13T23:59:59.999Z
2023-10-12T00:00:00.000Z,2023-10-12T23:59:59.999Z,2023-10-12T00:10:00.000Z,2023-10-12T17:19:00.000Z,2781,22.0074838341,22.0199258348,21.068971191,21.3002681335,283320977.02,8860821985.36,2023-10-12T23:59:59.999Z
2023-10-11T00:00:00.000Z,2023-10-11T23:59:59.999Z,2023-10-11T09:58:00.000Z,2023-10-11T18:14:00.000Z,2781,22.1052018405,22.391181592,21.679807761,22.0074186274,278925381.19,9147948339.53,2023-10-11T23:59:59.999Z
2023-10-10T00:00:00.000Z,2023-10-10T23:59:59.999Z,2023-10-10T14:16:00.000Z,2023-10-10T17:58:00.000Z,2781,22.1175174094,22.4584891508,21.738728254,22.1051146662,241087145.63,9159889175.71,2023-10-10T23:59:59.999Z
2023-10-09T00:00:00.000Z,2023-10-09T23:59:59.999Z,2023-10-09T05:15:00.000Z,2023-10-09T16:47:00.000Z,2781,23.2449094746,23.3535107051,21.8144904435,22.118395607,356967743.04,9165103470.03,2023-10-09T23:59:59.999Z
2023-10-08T00:00:00.000Z,2023-10-08T23:59:59.999Z,2023-10-08T03:24:00.000Z,2023-10-08T13:16:00.000Z,2781,23.2893354047,23.6137068971,23.1442786879,23.2464259315,190670413.77,9629543237.83,2023-10-08T23:59:59.999Z
2023-10-07T00:00:00.000Z,2023-10-07T23:59:59.999Z,2023-10-07T04:16:00.000Z,2023-10-07T19:55:00.000Z,2781,23.423949506,24.101722868,23.117115844,23.2873019255,278403509.0,9646499611.33,2023-10-07T23:59:59.999Z
2023-10-06T00:00:00.000Z,2023-10-06T23:59:59.999Z,2023-10-06T18:04:00.000Z,2023-10-06T00:00:00.000Z,2781,22.6921670864,23.7050913937,22.6921670864,23.4244543429,402665505.67,9691360038.26,2023-10-06T23:59:59.999Z
2023-10-05T00:00:00.000Z,2023-10-05T23:59:59.999Z,2023-10-05T00:55:00.000Z,2023-10-05T19:07:00.000Z,2781,23.1465520763,23.717646891,22.628948033,22.6941410759,361288780.77,9385601047.58,2023-10-05T23:59:59.999Z
2023-10-04T00:00:00.000Z,2023-10-04T23:59:59.999Z,2023-10-04T10:02:00.000Z,2023-10-04T16:04:00.000Z,2781,23.5569151373,23.7543780694,22.6928418625,23.1447873922,429268874.65,9568933689.26,2023-10-04T23:59:59.999Z
2023-10-03T00:00:00.000Z,2023-10-03T23:59:59.999Z,2023-10-03T13:25:00.000Z,2023-10-03T22:50:00.000Z,2781,23.3699200076,24.6620730186,23.2967113058,23.5526938065,653491877.6,9737756476.21,2023-10-03T23:59:59.999Z
2023-10-02T00:00:00.000Z,2023-10-02T23:59:59.999Z,2023-10-02T06:40:00.000Z,2023-10-02T22:11:00.000Z,2781,23.8379547352,24.6034237058,22.9760222567,23.3717009849,658084027.74,9655253680.82,2023-10-02T23:59:59.999Z
2023-10-01T00:00:00.000Z,2023-10-01T23:59:59.999Z,2023-10-01T23:04:00.000Z,2023-10-01T03:26:00.000Z,2781,21.3920592299,24.3960190206,21.1700718006,23.8364862599,637123111.49,9844132494.97,2023-10-01T23:59:59.999Z
2023-09-30T00:00:00.000Z,2023-09-30T23:59:59.999Z,2023-09-30T16:11:00.000Z,2023-09-30T05:40:00.000Z,2781,20.2995889416,21.7299710288,20.1246785357,21.3951466979,328987953.94,8835648588.77,2023-09-30T23:59:59.999Z
2023-09-29T00:00:00.000Z,2023-09-29T23:59:59.999Z,2023-09-29T14:50:00.000Z,2023-09-29T00:49:00.000Z,2781,19.9595810297,20.4159770747,19.875160896,20.3006547184,219571068.72,8380989681.02,2023-09-29T23:59:59.999Z
2023-09-28T00:00:00.000Z,2023-09-28T23:59:59.999Z,2023-09-28T23:18:00.000Z,2023-09-28T00:08:00.000Z,2781,19.1294747295,19.9608645494,19.1103077448,19.9576166649,225954937.67,8239387659.54,2023-09-28T23:59:59.999Z
2023-09-27T00:00:00.000Z,2023-09-27T23:59:59.999Z,2023-09-27T11:55:00.000Z,2023-09-27T18:10:00.000Z,2781,19.0225154546,19.4465246833,18.774216482,19.1300225385,210385138.99,7895214286.34,2023-09-27T23:59:59.999Z
2023-09-26T00:00:00.000Z,2023-09-26T23:59:59.999Z,2023-09-26T03:08:00.000Z,2023-09-26T23:05:00.000Z,2781,19.4027453041,19.5053651572,18.9413892179,19.0232856337,170201882.91,7854277232.87,2023-09-26T23:59:59.999Z
2023-09-25T00:00:00.000Z,2023-09-25T23:59:59.999Z,2023-09-25T16:22:00.000Z,2023-09-25T00:43:00.000Z,2781,19.3741457551,19.7034403588,19.217248869,19.4041398937,163848455.59,8008991832.03,2023-09-25T23:59:59.999Z
2023-09-24T00:00:00.000Z,2023-09-24T23:59:59.999Z,2023-09-24T08:19:00.000Z,2023-09-24T23:37:00.000Z,2781,19.4738948095,19.6576957905,19.3080368748,19.3742898302,115380618.6,7996690989.26,2023-09-24T23:59:59.999Z
2023-09-23T00:00:00.000Z,2023-09-23T23:59:59.999Z,2023-09-23T00:16:00.000Z,2023-09-23T16:07:00.000Z,2781,19.4385109824,19.5581603217,19.3137494048,19.4739037069,97379052.96,8035151047.43,2023-09-23T23:59:59.999Z
2023-09-22T00:00:00.000Z,2023-09-22T23:59:59.999Z,2023-09-22T08:16:00.000Z,2023-09-22T21:11:00.000Z,2781,19.4782497698,19.774113231,19.2212960798,19.4381445995,170874160.69,8020415301.13,2023-09-22T23:59:59.999Z
2023-09-21T00:00:00.000Z,2023-09-21T23:59:59.999Z,2023-09-21T00:00:00.000Z,2023-09-21T13:48:00.000Z,2781,20.3048163633,20.3048163633,19.3739151623,19.4790700029,253809694.68,8034772138.28,2023-09-21T23:59:59.999Z
2023-09-20T00:00:00.000Z,2023-09-20T23:59:59.999Z,2023-09-20T18:34:00.000Z,2023-09-20T06:52:00.000Z,2781,20.0362897719,20.4830403843,19.8537795099,20.304938196,233206126.31,8353797014.3,2023-09-20T23:59:59.999Z
2023-09-19T00:00:00.000Z,2023-09-19T23:59:59.999Z,2023-09-19T09:37:00.000Z,2023-09-19T00:32:00.000Z,2781,19.6570752285,20.3585439195,19.6144382611,20.0361889184,253895801.27,8241979314.3,2023-09-19T23:59:59.999Z
2023-09-18T00:00:00.000Z,2023-09-18T23:59:59.999Z,2023-09-18T15:49:00.000Z,2023-09-18T00:42:00.000Z,2781,18.8323812186,20.1001015406,18.6515719633,19.6572456432,316245106.23,8086129093.39,2023-09-18T23:59:59.999Z
2023-09-17T00:00:00.000Z,2023-09-17T23:59:59.999Z,2023-09-17T00:00:00.000Z,2023-09-17T20:58:00.000Z,2781,19.1398281539,19.1398281539,18.7129399665,18.8316290478,112594680.34,7747279411.94,2023-09-17T23:59:59.999Z
2023-09-16T00:00:00.000Z,2023-09-16T23:59:59.999Z,2023-09-16T02:24:00.000Z,2023-09-16T13:47:00.000Z,2781,19.169498118,19.416814102,18.9174155415,19.1403688187,146477835.8,7871634557.42,2023-09-16T23:59:59.999Z
2023-09-15T00:00:00.000Z,2023-09-15T23:59:59.999Z,2023-09-15T23:07:00.000Z,2023-09-15T18:55:00.000Z,2781,18.8391797443,19.4065821326,18.5903299782,19.1688444083,205202282.04,7880984906.18,2023-09-15T23:59:59.999Z
2023-09-14T00:00:00.000Z,2023-09-14T23:59:59.999Z,2023-09-14T01:01:00.000Z,2023-09-14T00:00:00.000Z,2781,18.4033221032,19.2673070032,18.4033221032,18.8383063858,349380171.83,7742901977.37,2023-09-14T23:59:59.999Z
2023-09-13T00:00:00.000Z,2023-09-13T23:59:59.999Z,2023-09-13T15:34:00.000Z,2023-09-13T05:47:00.000Z,2781,17.9308718493,18.5087879895,17.7395138189,18.4030001977,356729875.42,7564030185.94,2023-09-13T23:59:59.999Z
2023-09-12T00:00:00.000Z,2023-09-12T23:59:59.999Z,2023-09-12T10:26:00.000Z,2023-09-12T02:02:00.000Z,2781,17.7388644167,18.6550705228,17.6066567425,17.9298268238,361388393.12,7367465003.17,2023-09-12T23:59:59.999Z
2023-09-11T00:00:00.000Z,2023-09-11T23:59:59.999Z,2023-09-11T03:19:00.000Z,2023-09-11T14:13:00.000Z,2781,18.246708315,18.4131165287,17.4614768308,17.739165637,380225620.52,7289139168.97,2023-09-11T23:59:59.999Z
2023-09-10T00:00:00.000Z,2023-09-10T23:59:59.999Z,2023-09-10T00:00:00.000Z,2023-09-10T17:27:00.000Z,2781,19.4461876458,19.4461876458,17.8703398232,18.2488314704,520683203.95,7493159267.21,2023-09-10T23:59:59.999Z
2023-09-09T00:00:00.000Z,2023-09-09T23:59:59.999Z,2023-09-09T00:01:00.000Z,2023-09-09T18:34:00.000Z,2781,19.6000057796,19.6028875713,19.4046161322,19.4460709255,101925452.7,7984777956.35,2023-09-09T23:59:59.999Z
2023-09-08T00:00:00.000Z,2023-09-08T23:59:59.999Z,2023-09-08T00:59:00.000Z,2023-09-08T16:43:00.000Z,2781,19.8937680537,20.2148276896,19.4218656177,19.5990441357,219114497.01,8027821900.75,2023-09-08T23:59:59.999Z
2023-09-07T00:00:00.000Z,2023-09-07T23:59:59.999Z,2023-09-07T22:55:00.000Z,2023-09-07T14:07:00.000Z,2781,19.6210810215,19.9729784021,19.3677875538,19.8904991038,242438251.85,8147222902.1,2023-09-07T23:59:59.999Z
2023-09-06T00:00:00.000Z,2023-09-06T23:59:59.999Z,2023-09-06T00:11:00.000Z,2023-09-06T17:07:00.000Z,2781,20.272237936,20.3489889082,19.2159272687,19.6200287753,313630983.54,8026020334.65,2023-09-06T23:59:59.999Z
2023-09-05T00:00:00.000Z,2023-09-05T23:59:59.999Z,2023-09-05T15:52:00.000Z,2023-09-05T03:16:00.000Z,2781,19.5006783683,20.5474426266,19.094311031,20.2723845043,387328288.63,8287955397.48,2023-09-05T23:59:59.999Z
2023-09-04T00:00:00.000Z,2023-09-04T23:59:59.999Z,2023-09-04T03:13:00.000Z,2023-09-04T22:02:00.000Z,2781,19.5778512665,19.9498660491,19.2422564366,19.4994077034,220024398.57,7971959401.27,2023-09-04T23:59:59.999Z
2023-09-03T00:00:00.000Z,2023-09-03T23:59:59.999Z,2023-09-03T01:19:00.000Z,2023-09-03T16:55:00.000Z,2781,19.4942525756,19.6572765703,19.2809316944,19.5787461748,164570331.54,8001855593.93,2023-09-03T23:59:59.999Z
2023-09-02T00:00:00.000Z,2023-09-02T23:59:59.999Z,2023-09-02T15:35:00.000Z,2023-09-02T18:23:00.000Z,2781,19.3285241498,19.6660849224,19.1889156372,19.493744499,200858689.53,7967135198.49,2023-09-02T23:59:59.999Z
2023-09-01T00:00:00.000Z,2023-09-01T23:59:59.999Z,2023-09-01T12:25:00.000Z,2023-09-01T17:43:00.000Z,2781,19.7347562041,19.9079363697,19.0925111973,19.3278442646,286842938.8,7896766834.4,2023-09-01T23:59:59.999Z
2023-08-31T00:00:00.000Z,2023-08-31T23:59:59.999Z,2023-08-31T11:49:00.000Z,2023-08-31T21:10:00.000Z,2781,20.8338370887,21.0072138963,19.5497615381,19.7350923,343649256.48,8057061417.56,2023-08-31T23:59:59.999Z
2023-08-30T00:00:00.000Z,2023-08-30T23:59:59.999Z,2023-08-30T00:23:00.000Z,2023-08-30T16:53:00.000Z,2781,21.7820269799,21.932713917,20.6416641175,20.8349035506,292322454.83,8503358989.49,2023-08-30T23:59:59.999Z
2023-08-29T00:00:00.000Z,2023-08-29T23:59:59.999Z,2023-08-29T14:46:00.000Z,2023-08-29T12:22:00.000Z,2781,20.5568663833,21.9832577586,20.1283437313,21.7807625457,469679539.71,8889837181.57,2023-08-29T23:59:59.999Z
2023-08-28T00:00:00.000Z,2023-08-28T23:59:59.999Z,2023-08-28T00:00:00.000Z,2023-08-28T09:52:00.000Z,2781,20.7869648533,20.7869648533,20.1686885798,20.5571010638,200600033.35,8387727250.1,2023-08-28T23:59:59.999Z
2023-08-27T00:00:00.000Z,2023-08-27T23:59:59.999Z,2023-08-27T14:40:00.000Z,2023-08-27T03:09:00.000Z,2781,20.2807012379,20.8701258163,20.2621115093,20.7868390792,177496131.53,8481486356.18,2023-08-27T23:59:59.999Z
2023-08-26T00:00:00.000Z,2023-08-26T23:59:59.999Z,2023-08-26T00:01:00.000Z,2023-08-26T13:28:00.000Z,2781,20.392975298,20.4037773416,20.2175760228,20.2804240419,144065112.13,8272228221.84,2023-08-26T23:59:59.999Z
2023-08-25T00:00:00.000Z,2023-08-25T23:59:59.999Z,2023-08-25T00:01:00.000Z,2023-08-25T18:29:00.000Z,2781,21.0351101538,21.0496284016,20.1531005883,20.392719434,278312420.21,8318053764.65,2023-08-25T23:59:59.999Z
2023-08-24T00:00:00.000Z,2023-08-24T23:59:59.999Z,2023-08-24T05:14:00.000Z,2023-08-24T20:58:00.000Z,2781,21.7079863566,21.9884438223,20.7510868068,21.0330312085,328472950.75,8580097298.8,2023-08-24T23:59:59.999Z
2023-08-23T00:00:00.000Z,2023-08-23T23:59:59.999Z,2023-08-23T20:28:00.000Z,2023-08-23T13:17:00.000Z,2781,20.5473487295,21.746029384,20.4514669441,21.7036235353,404686524.29,8850119741.11,2023-08-23T23:59:59.999Z
2023-08-22T00:00:00.000Z,2023-08-22T23:59:59.999Z,2023-08-22T00:43:00.000Z,2023-08-22T21:29:00.000Z,2781,21.2070660525,21.2505142913,19.7354669123,20.5465422872,381594696.36,8378332667.58,2023-08-22T23:59:59.999Z
2023-08-21T00:00:00.000Z,2023-08-21T23:59:59.999Z,2023-08-21T00:01:00.000Z,2023-08-21T15:31:00.000Z,2781,21.773262551,21.7774256084,20.6835757783,21.2082597349,339125909.89,8645411753.17,2023-08-21T23:59:59.999Z
2023-08-20T00:00:00.000Z,2023-08-20T23:59:59.999Z,2023-08-20T11:23:00.000Z,2023-08-20T06:37:00.000Z,2781,21.8797517645,22.0047025077,21.6300946985,21.7732749786,198853111.79,8875758854.75,2023-08-20T23:59:59.999Z
2023-08-19T00:00:00.000Z,2023-08-19T23:59:59.999Z,2023-08-19T17:01:00.000Z,2023-08-19T00:04:00.000Z,2781,21.3357108185,22.1477863724,21.3159936393,21.8790368022,244048976.0,8913615529.85,2023-08-19T23:59:59.999Z
2023-08-18T00:00:00.000Z,2023-08-18T23:59:59.999Z,2023-08-18T06:40:00.000Z,2023-08-18T17:11:00.000Z,2781,21.7124276893,22.170012986,21.0891351003,21.3354926763,411279768.37,8691285093.9,2023-08-18T23:59:59.999Z
2023-08-17T00:00:00.000Z,2023-08-17T23:59:59.999Z,2023-08-17T03:40:00.000Z,2023-08-17T21:46:00.000Z,2781,22.8114185907,23.3806186933,20.3041542512,21.709974789,620931324.51,8841048263.13,2023-08-17T23:59:59.999Z
2023-08-16T00:00:00.000Z,2023-08-16T23:59:59.999Z,2023-08-16T00:24:00.000Z,2023-08-16T21:16:00.000Z,2781,23.9000136023,23.993120238,22.4875270248,22.811975427,441171937.35,9290690827.71,2023-08-16T23:59:59.999Z
2023-08-15T00:00:00.000Z,2023-08-15T23:59:59.999Z,2023-08-15T01:06:00.000Z,2023-08-15T23:32:00.000Z,2781,25.1471710265,25.2411207709,23.7616616501,23.8965860993,424193110.91,9704403859.67,2023-08-15T23:59:59.999Z
2023-08-14T00:00:00.000Z,2023-08-14T23:59:59.999Z,2023-08-14T16:28:00.000Z,2023-08-14T02:22:00.000Z,2781,24.2424028886,25.227117751,24.0953965641,25.1428231289,359715099.01,10210505563.76,2023-08-14T23:59:59.999Z
2023-08-13T00:00:00.000Z,2023-08-13T23:59:59.999Z,2023-08-13T00:04:00.000Z,2023-08-13T23:53:00.000Z,2781,24.9052173383,24.913161464,24.2364827301,24.2428851773,263449955.45,9845065424.89,2023-08-13T23:59:59.999Z
2023-08-12T00:00:00.000Z,2023-08-12T23:59:59.999Z,2023-08-12T22:22:00.000Z,2023-08-12T03:39:00.000Z,2781,24.5855427287,25.1119514589,24.405805096,24.9067302706,253389584.17,10111411290.28,2023-08-12T23:59:59.999Z
2023-08-11T00:00:00.000Z,2023-08-11T23:59:59.999Z,2023-08-11T02:44:00.000Z,2023-08-11T19:22:00.000Z,2781,24.610627046,24.8653147126,24.359616159,24.582859903,314045618.5,9980131588.77,2023-08-11T23:59:59.999Z
2023-08-10T00:00:00.000Z,2023-08-10T23:59:59.999Z,2023-08-10T14:04:00.000Z,2023-08-10T05:19:00.000Z,2781,24.3783008299,24.8094991075,24.1506665096,24.6130534456,339616018.11,9985104343.62,2023-08-10T23:59:59.999Z
2023-08-09T00:00:00.000Z,2023-08-09T23:59:59.999Z,2023-08-09T13:03:00.000Z,2023-08-09T21:16:00.000Z,2781,24.2110311788,24.9515861983,24.1942084998,24.3785268713,447009017.6,9892410961.55,2023-08-09T23:59:59.999Z
2023-08-08T00:00:00.000Z,2023-08-08T23:59:59.999Z,2023-08-08T19:16:00.000Z,2023-08-08T02:03:00.000Z,2781,23.0692520622,24.7276242644,23.0217376131,24.211764199,495649795.93,9823844097.79,2023-08-08T23:59:59.999Z
2023-08-07T00:00:00.000Z,2023-08-07T23:59:59.999Z,2023-08-07T01:52:00.000Z,2023-08-07T16:44:00.000Z,2781,23.1854052369,23.5039379637,22.4873532911,23.068755969,353804980.76,9360096478.76,2023-08-07T23:59:59.999Z
2023-08-06T00:00:00.000Z,2023-08-06T23:59:59.999Z,2023-08-06T08:28:00.000Z,2023-08-06T00:11:00.000Z,2781,22.6325483431,23.4161000814,22.596602569,23.1856958129,320595154.0,9392351696.14,2023-08-06T23:59:59.999Z
2023-08-05T00:00:00.000Z,2023-08-05T23:59:59.999Z,2023-08-05T11:16:00.000Z,2023-08-05T16:37:00.000Z,2781,22.7936021004,22.8955287741,22.3279967264,22.6322043995,250613466.23,9168159298.87,2023-08-05T23:59:59.999Z
2023-08-04T00:00:00.000Z,2023-08-04T23:59:59.999Z,2023-08-04T13:52:00.000Z,2023-08-04T02:26:00.000Z,2781,22.6327154607,23.5217806351,22.52266654,22.7936201666,382245804.02,9230589531.81,2023-08-04T23:59:59.999Z
2023-08-03T00:00:00.000Z,2023-08-03T23:59:59.999Z,2023-08-03T02:04:00.000Z,2023-08-03T22:32:00.000Z,2781,23.1448935045,23.353016034,22.5401004568,22.6360486342,365983702.49,9159728693.35,2023-08-03T23:59:59.999Z
2023-08-02T00:00:00.000Z,2023-08-02T23:59:59.999Z,2023-08-02T01:34:00.000Z,2023-08-02T17:01:00.000Z,2781,23.9935146422,24.2196280645,22.984315457,23.1457207691,393185795.54,9362974523.03,2023-08-02T23:59:59.999Z
2023-08-01T00:00:00.000Z,2023-08-01T23:59:59.999Z,2023-08-01T23:59:00.000Z,2023-08-01T15:31:00.000Z,2781,23.7248923303,23.9987526663,23.087238245,23.9987526663,428254163.82,9707730536.12,2023-08-01T23:59:59.999Z
2023-07-31T00:00:00.000Z,2023-07-31T23:59:59.999Z,2023-07-31T03:02:00.000Z,2023-07-31T20:08:00.000Z,2781,24.2618394421,24.7501837134,23.6588191515,23.7209566191,376948332.12,9595184949.46,2023-07-31T23:59:59.999Z
2023-07-30T00:00:00.000Z,2023-07-30T23:59:59.999Z,2023-07-30T01:04:00.000Z,2023-07-30T20:04:00.000Z,2781,25.1693725539,25.193291817,23.8454070175,24.2610185535,365262221.5,9810507761.13,2023-07-30T23:59:59.999Z
2023-07-29T00:00:00.000Z,2023-07-29T23:59:59.999Z,2023-07-29T20:28:00.000Z,2023-07-29T00:04:00.000Z,2781,24.8439336637,25.367045115,24.7803747656,25.1689741138,265061244.64,10177685740.12,2023-07-29T23:59:59.999Z
2023-07-28T00:00:00.000Z,2023-07-28T23:59:59.999Z,2023-07-28T15:31:00.000Z,2023-07-28T08:12:00.000Z,2781,25.098729344,25.4732471785,24.5776727518,24.846856998,374045446.24,10044221292.66,2023-07-28T23:59:59.999Z
2023-07-27T00:00:00.000Z,2023-07-27T23:59:59.999Z,2023-07-27T14:34:00.000Z,2023-07-27T02:47:00.000Z,2781,25.1780786525,25.5863770989,24.7201620981,25.0993369641,514211483.82,10146309970.87,2023-07-27T23:59:59.999Z
2023-07-26T00:00:00.000Z,2023-07-26T23:59:59.999Z,2023-07-26T18:47:00.000Z,2023-07-26T00:28:00.000Z,2781,23.2793565641,25.5183474445,23.2077315874,25.177053185,688135176.22,10174462303.79,2023-07-26T23:59:59.999Z
2023-07-25T00:00:00.000Z,2023-07-25T23:59:59.999Z,2023-07-25T14:17:00.000Z,2023-07-25T13:16:00.000Z,2781,23.3832497904,23.5258826949,22.8643628198,23.2793216776,346742173.42,9410883931.4,2023-07-25T23:59:59.999Z
2023-07-24T00:00:00.000Z,2023-07-24T23:59:59.999Z,2023-07-24T00:46:00.000Z,2023-07-24T15:13:00.000Z,2781,24.7655214146,24.8106391625,23.0694262458,23.3814901945,492344648.96,9449158173.39,2023-07-24T23:59:59.999Z
2023-07-23T00:00:00.000Z,2023-07-23T23:59:59.999Z,2023-07-23T19:01:00.000Z,2023-07-23T00:54:00.000Z,2781,24.532663964,25.2136106658,24.2509671954,24.7668162659,330741258.4,10009227205.03,2023-07-23T23:59:59.999Z
2023-07-22T00:00:00.000Z,2023-07-22T23:59:59.999Z,2023-07-22T03:25:00.000Z,2023-07-22T23:33:00.000Z,2781,25.5431778074,25.9503574084,24.3064741928,24.5350531759,335432005.76,9909362063.61,2023-07-22T23:59:59.999Z
2023-07-21T00:00:00.000Z,2023-07-21T23:59:59.999Z,2023-07-21T18:40:00.000Z,2023-07-21T00:40:00.000Z,2781,25.3755248992,25.9479213809,25.1423376122,25.5442666745,410907584.39,10316494982.5,2023-07-21T23:59:59.999Z
2023-07-20T00:00:00.000Z,2023-07-20T23:59:59.999Z,2023-07-20T06:31:00.000Z,2023-07-20T20:25:00.000Z,2781,26.3687272082,26.8964389152,25.1694260095,25.3751670219,606255421.23,10222851458.71,2023-07-20T23:59:59.999Z
2023-07-19T00:00:00.000Z,2023-07-19T23:59:59.999Z,2023-07-19T20:52:00.000Z,2023-07-19T00:17:00.000Z,2781,25.5508823431,26.9220879394,25.4180632909,26.3723526751,603189951.38,10621841829.37,2023-07-19T23:59:59.999Z
2023-07-18T00:00:00.000Z,2023-07-18T23:59:59.999Z,2023-07-18T00:32:00.000Z,2023-07-18T12:34:00.000Z,2781,26.8690070361,27.0455979487,24.8248528607,25.5445051831,696782372.78,10288439896.25,2023-07-18T23:59:59.999Z
2023-07-17T00:00:00.000Z,2023-07-17T23:59:59.999Z,2023-07-17T05:22:00.000Z,2023-07-17T18:52:00.000Z,2781,27.3857690714,28.3809188439,25.8957301626,26.8727660285,970813261.77,10819937533.95,2023-07-17T23:59:59.999Z
2023-07-16T00:00:00.000Z,2023-07-16T23:59:59.999Z,2023-07-16T14:19:00.000Z,2023-07-16T02:25:00.000Z,2781,27.395526804,28.5510888629,26.8977002859,27.384082524,753056132.28,11027115845.23,2023-07-16T23:59:59.999Z
2023-07-15T00:00:00.000Z,2023-07-15T23:59:59.999Z,2023-07-15T11:04:00.000Z,2023-07-15T00:04:00.000Z,2781,26.729034734,29.0573957169,26.6888674099,27.3913558072,1323279744.12,11026259969.91,2023-07-15T23:59:59.999Z
2023-07-14T00:00:00.000Z,2023-07-14T23:59:59.999Z,2023-07-14T00:53:00.000Z,2023-07-14T20:36:00.000Z,2781,26.0207587177,30.0576947696,25.4349775508,26.7357173574,2184090883.66,10771878238.84,2023-07-14T23:59:59.999Z
2023-07-13T00:00:00.000Z,2023-07-13T23:59:59.999Z,2023-07-13T18:13:00.000Z,2023-07-13T04:19:00.000Z,2781,21.9784601869,26.6243447172,21.4948259723,26.0256961598,1527996471.77,10482410005.36,2023-07-13T23:59:59.999Z
2023-07-12T00:00:00.000Z,2023-07-12T23:59:59.999Z,2023-07-12T15:13:00.000Z,2023-07-12T20:04:00.000Z,2781,22.0924249864,22.7127244447,21.8282549664,21.9776017171,541605988.18,8851975508.51,2023-07-12T23:59:59.999Z
2023-07-11T00:00:00.000Z,2023-07-11T23:59:59.999Z,2023-07-11T12:58:00.000Z,2023-07-11T00:52:00.000Z,2781,21.3147222301,22.2852006751,21.2424917453,22.0929341252,453810523.28,8898487043.48,2023-07-11T23:59:59.999Z
2023-07-10T00:00:00.000Z,2023-07-10T23:59:59.999Z,2023-07-10T21:46:00.000Z,2023-07-10T09:53:00.000Z,2781,21.3477881942,21.7771458113,20.5725870526,21.3137763739,543191862.88,8578537489.78,2023-07-10T23:59:59.999Z
2023-07-09T00:00:00.000Z,2023-07-09T23:59:59.999Z,2023-07-09T01:13:00.000Z,2023-07-09T22:10:00.000Z,2781,21.8549548525,22.3220252672,21.0875781249,21.349004449,405174805.99,8592737596.62,2023-07-09T23:59:59.999Z
2023-07-08T00:00:00.000Z,2023-07-08T23:59:59.999Z,2023-07-08T09:04:00.000Z,2023-07-08T05:35:00.000Z,2781,21.4852525792,22.4030022148,21.3568834002,21.8592680672,693929962.8,8795273531.2,2023-07-08T23:59:59.999Z
2023-07-07T00:00:00.000Z,2023-07-07T23:59:59.999Z,2023-07-07T22:20:00.000Z,2023-07-07T08:22:00.000Z,2781,19.7261108604,21.6017123173,19.3189309725,21.4846651196,988591308.04,8626410071.39,2023-07-07T23:59:59.999Z
2023-07-06T00:00:00.000Z,2023-07-06T23:59:59.999Z,2023-07-06T20:05:00.000Z,2023-07-06T14:40:00.000Z,2781,18.9919918153,20.9227759653,18.8862609244,19.7293857014,903770570.51,7917567584.7,2023-07-06T23:59:59.999Z
2023-07-05T00:00:00.000Z,2023-07-05T23:59:59.999Z,2023-07-05T06:02:00.000Z,2023-07-05T15:41:00.000Z,2781,19.1456115928,19.3552662399,18.4986288863,18.9928637899,260416080.97,7622014293.03,2023-07-05T23:59:59.999Z
2023-07-04T00:00:00.000Z,2023-07-04T23:59:59.999Z,2023-07-04T15:56:00.000Z,2023-07-04T08:19:00.000Z,2781,19.2420311734,19.8766957729,19.0967377793,19.1432277966,345225951.49,7674364999.82,2023-07-04T23:59:59.999Z
2023-07-03T00:00:00.000Z,2023-07-03T23:59:59.999Z,2023-07-03T00:19:00.000Z,2023-07-03T21:29:00.000Z,2781,19.4524125515,19.6131588986,18.9431458297,19.2405381588,324227812.44,7713395148.5,2023-07-03T23:59:59.999Z
2023-07-02T00:00:00.000Z,2023-07-02T23:59:59.999Z,2023-07-02T22:37:00.000Z,2023-07-02T03:06:00.000Z,2781,18.6896680939,19.7045595245,18.5820051084,19.4535949378,497231249.56,7798827845.66,2023-07-02T23:59:59.999Z
2023-07-01T00:00:00.000Z,2023-07-01T23:59:59.999Z,2023-07-01T00:34:00.000Z,2023-07-01T05:47:00.000Z,2781,18.8960637371,18.9714268054,17.9457975922,18.6839034633,349552752.22,7478509362.2,2023-07-01T23:59:59.999Z
2023-06-30T00:00:00.000Z,2023-06-30T23:59:59.999Z,2023-06-30T17:22:00.000Z,2023-06-30T13:49:00.000Z,2781,17.971071105,19.8551255109,17.3148699863,18.8973212021,1120379648.19,7560904894.88,2023-06-30T23:59:59.999Z
2023-06-29T00:00:00.000Z,2023-06-29T23:59:59.999Z,2023-06-29T12:22:00.000Z,2023-06-29T00:52:00.000Z,2781,15.9855110488,18.1997543795,15.9063774263,17.9704579376,737633196.14,7187830074.82,2023-06-29T23:59:59.999Z
2023-06-28T00:00:00.000Z,2023-06-28T23:59:59.999Z,2023-06-28T00:01:00.000Z,2023-06-28T19:46:00.000Z,2781,16.6219049853,16.6273293041,15.7475821662,15.9868427933,327399744.47,6395602649.97,2023-06-28T23:59:59.999Z
2023-06-27T00:00:00.000Z,2023-06-27T23:59:59.999Z,2023-06-27T21:55:00.000Z,2023-06-27T01:21:00.000Z,2781,16.2698709084,16.9098961522,16.1785887515,16.6196504377,259041272.79,6646577822.35,2023-06-27T23:59:59.999Z
2023-06-26T00:00:00.000Z,2023-06-26T23:59:59.999Z,2023-06-26T14:01:00.000Z,2023-06-26T22:13:00.000Z,2781,16.9696471046,17.101676864,16.0209762753,16.2700281466,275948459.44,6506773329.19,2023-06-26T23:59:59.999Z
2023-06-25T00:00:00.000Z,2023-06-25T23:59:59.999Z,2023-06-25T09:04:00.000Z,2023-06-25T01:10:00.000Z,2781,16.6514715872,17.3406835702,16.6071380666,16.9713799299,252839095.42,6784940723.33,2023-06-25T23:59:59.999Z
2023-06-24T00:00:00.000Z,2023-06-24T23:59:59.999Z,2023-06-24T03:22:00.000Z,2023-06-24T21:16:00.000Z,2781,17.1492737804,17.517596644,16.463317874,16.6528620753,260480952.37,6657617788.79,2023-06-24T23:59:59.999Z
2023-06-23T00:00:00.000Z,2023-06-23T23:59:59.999Z,2023-06-23T21:04:00.000Z,2023-06-23T14:16:00.000Z,2781,16.6429699727,17.5106922935,16.2367478596,17.1495340889,386994631.79,6856198787.76,2023-06-23T23:59:59.999Z
2023-06-22T00:00:00.000Z,2023-06-22T23:59:59.999Z,2023-06-22T03:01:00.000Z,2023-06-22T23:01:00.000Z,2781,17.2571490766,17.6985046718,16.6103454112,16.6426214181,299233520.38,6651215930.82,2023-06-22T23:59:59.999Z
2023-06-21T00:00:00.000Z,2023-06-21T23:59:59.999Z,2023-06-21T23:35:00.000Z,2023-06-21T00:10:00.000Z,2781,16.6354865242,17.3795731932,16.5834695933,17.2570460083,357788985.69,6896787708.7,2023-06-21T23:59:59.999Z
2023-06-20T00:00:00.000Z,2023-06-20T23:59:59.999Z,2023-06-20T23:55:00.000Z,2023-06-20T14:31:00.000Z,2781,16.0780372326,16.6651045558,15.7593709067,16.6352311781,265787114.2,6645682933.39,2023-06-20T23:59:59.999Z
2023-06-19T00:00:00.000Z,2023-06-19T23:59:59.999Z,2023-06-19T23:58:00.000Z,2023-06-19T00:58:00.000Z,2781,15.4387663756,16.0753705921,15.41437728,16.0730422632,163949882.74,6421135737.27,2023-06-19T23:59:59.999Z
2023-06-18T00:00:00.000Z,2023-06-18T23:59:59.999Z,2023-06-18T20:02:00.000Z,2023-06-18T23:02:00.000Z,2781,15.6494745202,15.8126908376,15.3612440782,15.4382351318,141612316.29,6165531218.9,2023-06-18T23:59:59.999Z
2023-06-17T00:00:00.000Z,2023-06-17T23:59:59.999Z,2023-06-17T06:25:00.000Z,2023-06-17T02:04:00.000Z,2781,15.3085811355,16.0657832149,15.1854270254,15.6505211964,206436912.3,6250326737.37,2023-06-17T23:59:59.999Z
2023-06-16T00:00:00.000Z,2023-06-16T23:59:59.999Z,2023-06-16T20:56:00.000Z,2023-06-16T14:49:00.000Z,2781,14.7604162804,15.3991723403,14.4695665049,15.3082536579,232544704.56,6110205516.2,2023-06-16T23:59:59.999Z
2023-06-15T00:00:00.000Z,2023-06-15T23:59:59.999Z,2023-06-15T21:19:00.000Z,2023-06-15T17:40:00.000Z,2781,14.4862858707,15.0103934648,14.2141477797,14.759472549,329864409.03,5891453448.75,2023-06-15T23:59:59.999Z
2023-06-14T00:00:00.000Z,2023-06-14T23:59:59.999Z,2023-06-14T18:01:00.000Z,2023-06-14T21:01:00.000Z,2781,15.0181898101,15.3051504473,14.1959530218,14.4865722038,296502336.33,5781692703.49,2023-06-14T23:59:59.999Z
2023-06-13T00:00:00.000Z,2023-06-13T23:59:59.999Z,2023-06-13T12:34:00.000Z,2023-06-13T16:01:00.000Z,2781,15.1962874892,15.8730863572,14.8165848029,15.0181928497,363876712.53,5991917041.84,2023-06-13T23:59:59.999Z
2023-06-12T00:00:00.000Z,2023-06-12T23:59:59.999Z,2023-06-12T09:11:00.000Z,2023-06-12T17:40:00.000Z,2781,15.5572316283,15.6062373844,14.8171896173,15.1967077933,384209937.97,6063154425.17,2023-06-12T23:59:59.999Z
2023-06-11T00:00:00.000Z,2023-06-11T23:59:59.999Z,2023-06-11T20:13:00.000Z,2023-06-11T16:04:00.000Z,2781,15.6544498911,16.1156915005,15.1984925711,15.558775996,446176847.74,6199943622.36,2023-06-11T23:59:59.999Z
2023-06-10T00:00:00.000Z,2023-06-10T23:59:59.999Z,2023-06-10T00:01:00.000Z,2023-06-10T04:29:00.000Z,2781,17.3813538078,17.3929578176,13.3794485702,15.6561010637,1230339924.26,6236086849.34,2023-06-10T23:59:59.999Z
2023-06-09T00:00:00.000Z,2023-06-09T23:59:59.999Z,2023-06-09T12:05:00.000Z,2023-06-09T23:34:00.000Z,2781,18.9084043848,19.299476859,17.1612932415,17.3796992445,463344687.38,6920369198.51,2023-06-09T23:59:59.999Z
2023-06-08T00:00:00.000Z,2023-06-08T23:59:59.999Z,2023-06-08T20:40:00.000Z,2023-06-08T03:35:00.000Z,2781,18.6356465206,19.0777651563,18.2947370852,18.9094764655,258460306.53,7529520255.98,2023-06-08T23:59:59.999Z
2023-06-07T00:00:00.000Z,2023-06-07T23:59:59.999Z,2023-06-07T00:49:00.000Z,2023-06-07T23:15:00.000Z,2781,20.3993151305,20.4865842802,18.549920565,18.6342825772,390444801.3,7419967247.2,2023-06-07T23:59:59.999Z
2023-06-06T00:00:00.000Z,2023-06-06T23:59:59.999Z,2023-06-06T20:12:00.000Z,2023-06-06T13:19:00.000Z,2781,20.0625051282,20.6837811059,19.320531082,20.3984840422,441408235.07,8109150852.29,2023-06-06T23:59:59.999Z
2023-06-05T00:00:00.000Z,2023-06-05T23:59:59.999Z,2023-06-05T00:40:00.000Z,2023-06-05T16:07:00.000Z,2781,21.8217960295,22.0420237753,19.4238323061,20.0750602881,594214946.31,7981806704.43,2023-06-05T23:59:59.999Z
2023-06-04T00:00:00.000Z,2023-06-04T23:59:59.999Z,2023-06-04T20:15:00.000Z,2023-06-04T01:07:00.000Z,2781,21.157408537,22.2845908675,21.0613240548,21.818976231,317802167.3,8661446017.19,2023-06-04T23:59:59.999Z
2023-06-03T00:00:00.000Z,2023-06-03T23:59:59.999Z,2023-06-03T16:40:00.000Z,2023-06-03T21:43:00.000Z,2781,21.2586225391,21.3354682984,21.0170785801,21.1555659164,144933830.21,8398112639.29,2023-06-03T23:59:59.999Z
2023-06-02T00:00:00.000Z,2023-06-02T23:59:59.999Z,2023-06-02T21:57:00.000Z,2023-06-02T00:40:00.000Z,2781,20.5027289439,21.3561397983,20.3835926176,21.2575964369,237609887.44,8438523518.67,2023-06-02T23:59:59.999Z
2023-06-01T00:00:00.000Z,2023-06-01T23:59:59.999Z,2023-06-01T00:31:00.000Z,2023-06-01T02:58:00.000Z,2781,20.8248918735,20.9726076243,20.4644690323,20.5022192951,209047110.28,8131078418.52,2023-06-01T23:59:59.999Z
2023-05-31T00:00:00.000Z,2023-05-31T23:59:59.999Z,2023-05-31T01:00:00.000Z,2023-05-31T14:28:00.000Z,2781,21.2552862516,21.3188793083,20.4687509377,20.8245025704,246152340.54,8258826163.36,2023-05-31T23:59:59.999Z
2023-05-30T00:00:00.000Z,2023-05-30T23:59:59.999Z,2023-05-30T18:50:00.000Z,2023-05-30T00:44:00.000Z,2781,20.587137009,21.3817173374,20.5195008346,21.2540838293,367512386.81,8426422146.49,2023-05-30T23:59:59.999Z
2023-05-29T00:00:00.000Z,2023-05-29T23:59:59.999Z,2023-05-29T00:25:00.000Z,2023-05-29T17:07:00.000Z,2781,20.8000458697,20.9706859096,20.2976809221,20.5865089432,228295637.34,8161778015.05,2023-05-29T23:59:59.999Z
2023-05-28T00:00:00.000Z,2023-05-28T23:59:59.999Z,2023-05-28T22:22:00.000Z,2023-05-28T00:20:00.000Z,2781,20.4260798041,21.1509895949,20.3368902443,20.7985775221,291460886.48,8243146765.87,2023-05-28T23:59:59.999Z
2023-05-27T00:00:00.000Z,2023-05-27T23:59:59.999Z,2023-05-27T22:50:00.000Z,2023-05-27T00:35:00.000Z,2781,19.3661583802,20.499244767,19.3501697039,20.4252329628,179682881.9,8095197389.75,2023-05-27T23:59:59.999Z
2023-05-26T00:00:00.000Z,2023-05-26T23:59:59.999Z,2023-05-26T14:36:00.000Z,2023-05-26T06:04:00.000Z,2781,19.260939994,19.541164255,19.1204518769,19.3669555744,140228468.01,7675785203.02,2023-05-26T23:59:59.999Z
2023-05-25T00:00:00.000Z,2023-05-25T23:59:59.999Z,2023-05-25T12:10:00.000Z,2023-05-25T01:29:00.000Z,2781,19.2225715983,19.5254959486,18.8922644651,19.2606629611,194537148.96,7631148930.06,2023-05-25T23:59:59.999Z
2023-05-24T00:00:00.000Z,2023-05-24T23:59:59.999Z,2023-05-24T00:13:00.000Z,2023-05-24T13:55:00.000Z,2781,20.0443503834,20.0620142402,18.9143245309,19.2236642998,297840141.39,7616507730.25,2023-05-24T23:59:59.999Z
2023-05-23T00:00:00.000Z,2023-05-23T23:59:59.999Z,2023-05-23T03:26:00.000Z,2023-05-23T01:04:00.000Z,2781,19.5422631972,20.1529353093,19.4512586249,20.0431829884,258761186.63,7938827666.8,2023-05-23T23:59:59.999Z
2023-05-22T00:00:00.000Z,2023-05-22T23:59:59.999Z,2023-05-22T13:46:00.000Z,2023-05-22T00:49:00.000Z,2781,19.6120181506,19.9816293846,19.3833734635,19.5420459006,216922970.74,7740351982.37,2023-05-22T23:59:59.999Z
2023-05-21T00:00:00.000Z,2023-05-21T23:59:59.999Z,2023-05-21T01:14:00.000Z,2023-05-21T21:23:00.000Z,2781,20.2857023616,20.3838382975,19.5082165214,19.6094379911,210641912.82,7764489644.98,2023-05-21T23:59:59.999Z
2023-05-20T00:00:00.000Z,2023-05-20T23:59:59.999Z,2023-05-20T00:16:00.000Z,2023-05-20T05:43:00.000Z,2781,20.3503087209,20.3614885364,20.1469986397,20.2854455406,121021516.56,8032177675.53,2023-05-20T23:59:59.999Z
2023-05-19T00:00:00.000Z,2023-05-19T23:59:59.999Z,2023-05-19T15:22:00.000Z,2023-05-19T15:37:00.000Z,2781,20.3480994201,20.5581002068,20.3126744029,20.349870033,149073606.46,8056626825.73,2023-05-19T23:59:59.999Z
2023-05-18T00:00:00.000Z,2023-05-18T23:59:59.999Z,2023-05-18T00:00:00.000Z,2023-05-18T17:58:00.000Z,2781,21.0681944357,21.0681944357,20.1685069905,20.3486954617,293327002.44,8053504381.32,2023-05-18T23:59:59.999Z
2023-05-17T00:00:00.000Z,2023-05-17T23:59:59.999Z,2023-05-17T23:34:00.000Z,2023-05-17T14:39:00.000Z,2781,20.6790130601,21.1707681766,20.5004777642,21.0683999658,279742763.23,8338939703.11,2023-05-17T23:59:59.999Z
2023-05-16T00:00:00.000Z,2023-05-16T23:59:59.999Z,2023-05-16T00:32:00.000Z,2023-05-16T20:07:00.000Z,2781,21.0080124438,21.1202518262,20.4753790913,20.6794198406,279283146.29,8181227104.12,2023-05-16T23:59:59.999Z
2023-05-15T00:00:00.000Z,2023-05-15T23:59:59.999Z,2023-05-15T08:53:00.000Z,2023-05-15T00:59:00.000Z,2781,20.9532279536,21.4856401275,20.6478104353,21.0071891019,307353987.41,8310729492.7,2023-05-15T23:59:59.999Z
2023-05-14T00:00:00.000Z,2023-05-14T23:59:59.999Z,2023-05-14T15:19:00.000Z,2023-05-14T01:31:00.000Z,2781,20.8682665444,21.2439879694,20.6666384969,20.953397507,184522451.27,8286544260.32,2023-05-14T23:59:59.999Z
2023-05-13T00:00:00.000Z,2023-05-13T23:59:59.999Z,2023-05-13T07:55:00.000Z,2023-05-13T15:28:00.000Z,2781,20.9159095117,21.2479786835,20.8219694928,20.8687609486,224618367.25,8253091290.04,2023-05-13T23:59:59.999Z
2023-05-12T00:00:00.000Z,2023-05-12T23:59:59.999Z,2023-05-12T23:49:00.000Z,2023-05-12T06:26:00.000Z,2781,20.2324792144,20.9295976805,19.8643140902,20.9117954611,362726294.74,8268603754.88,2023-05-12T23:59:59.999Z
2023-05-11T00:00:00.000Z,2023-05-11T23:59:59.999Z,2023-05-11T00:00:00.000Z,2023-05-11T17:49:00.000Z,2781,20.9555001951,20.9555001951,19.8556947406,20.2348802441,376535593.5,7998311001.56,2023-05-11T23:59:59.999Z
2023-05-10T00:00:00.000Z,2023-05-10T23:59:59.999Z,2023-05-10T13:07:00.000Z,2023-05-10T17:22:00.000Z,2781,20.6827803247,21.2950103325,20.1656870873,20.9537108179,490700207.6,8278980712.08,2023-05-10T23:59:59.999Z
2023-05-09T00:00:00.000Z,2023-05-09T23:59:59.999Z,2023-05-09T13:16:00.000Z,2023-05-09T19:04:00.000Z,2781,20.6580019725,20.9647883245,20.4596364928,20.6836447751,272780907.37,8169421119.62,2023-05-09T23:59:59.999Z
2023-05-08T00:00:00.000Z,2023-05-08T23:59:59.999Z,2023-05-08T00:00:00.000Z,2023-05-08T18:09:00.000Z,2781,21.8077804671,21.8077804671,20.2606285684,20.6574638469,553548055.95,8157419943.56,2023-05-08T23:59:59.999Z
2023-05-07T00:00:00.000Z,2023-05-07T23:59:59.999Z,2023-05-07T18:14:00.000Z,2023-05-07T02:56:00.000Z,2781,21.9719259488,22.7386052852,21.8087271985,21.8442293584,303626005.04,8626083965.27,2023-05-07T23:59:59.999Z
2023-05-06T00:00:00.000Z,2023-05-06T23:59:59.999Z,2023-05-06T00:47:00.000Z,2023-05-06T15:02:00.000Z,2781,22.8280932531,23.2223005751,21.7299701697,21.9742630852,351934449.27,8663100980.73,2023-05-06T23:59:59.999Z
2023-05-05T00:00:00.000Z,2023-05-05T23:59:59.999Z,2023-05-05T20:14:00.000Z,2023-05-05T01:23:00.000Z,2781,21.7308151976,23.0297221465,21.7064581069,22.8261099184,423211212.21,9001879674.35,2023-05-05T23:59:59.999Z
2023-05-04T00:00:00.000Z,2023-05-04T23:59:59.999Z,2023-05-04T00:36:00.000Z,2023-05-04T19:22:00.000Z,2781,22.218750869,22.4411396809,21.6518160829,21.7303480918,291826692.82,8564463502.08,2023-05-04T23:59:59.999Z
2023-05-03T00:00:00.000Z,2023-05-03T23:59:59.999Z,2023-05-03T22:28:00.000Z,2023-05-03T13:07:00.000Z,2781,22.2651353601,22.2671849136,21.2826992789,22.218001801,445797366.87,8756679759.16,2023-05-03T23:59:59.999Z
2023-05-02T00:00:00.000Z,2023-05-02T23:59:59.999Z,2023-05-02T19:40:00.000Z,2023-05-02T05:02:00.000Z,2781,21.9865536448,22.3738778926,21.7728963025,22.2649782835,296722866.28,8773627268.8,2023-05-02T23:59:59.999Z
2023-05-01T00:00:00.000Z,2023-05-01T23:59:59.999Z,2023-05-01T00:33:00.000Z,2023-05-01T21:01:00.000Z,2781,22.8285051109,22.8784932528,21.6407099139,21.9866330926,438350469.02,8645952414.3,2023-05-01T23:59:59.999Z
2023-04-30T00:00:00.000Z,2023-04-30T23:59:59.999Z,2023-04-30T15:43:00.000Z,2023-04-30T23:59:00.000Z,2781,23.183658881,23.9297237099,22.8320135036,22.8320135036,368042267.16,8978360112.34,2023-04-30T23:59:59.999Z
2023-04-29T00:00:00.000Z,2023-04-29T23:59:59.999Z,2023-04-29T14:40:00.000Z,2023-04-29T23:07:00.000Z,2781,23.3669142002,23.7507620746,22.9870783524,23.1829956943,369964075.01,9111569836.61,2023-04-29T23:59:59.999Z
2023-04-28T00:00:00.000Z,2023-04-28T23:59:59.999Z,2023-04-28T23:47:00.000Z,2023-04-28T15:07:00.000Z,2781,22.3397318832,23.4600534495,22.2107538537,23.3662870157,511781471.82,9183570845.34,2023-04-28T23:59:59.999Z
2023-04-27T00:00:00.000Z,2023-04-27T23:59:59.999Z,2023-04-27T18:46:00.000Z,2023-04-27T00:08:00.000Z,2781,21.2846898854,22.4835807314,21.2261533931,22.3401152671,509745190.92,8777317134.67,2023-04-27T23:59:59.999Z
2023-04-26T00:00:00.000Z,2023-04-26T23:59:59.999Z,2023-04-26T13:30:00.000Z,2023-04-26T20:04:00.000Z,2781,21.9274766692,22.9213771404,20.5740141956,21.2830125843,690088235.88,8362005606.06,2023-04-26T23:59:59.999Z
2023-04-25T00:00:00.000Z,2023-04-25T23:59:59.999Z,2023-04-25T23:51:00.000Z,2023-04-25T08:25:00.000Z,2781,21.3899211818,21.9371424548,20.7837572473,21.9272533716,367752381.93,8612236136.02,2023-04-25T23:59:59.999Z
2023-04-24T00:00:00.000Z,2023-04-24T23:59:59.999Z,2023-04-24T01:22:00.000Z,2023-04-24T17:04:00.000Z,2781,21.4794590662,21.950171669,21.0787918499,21.3910700593,358681450.09,8401747226.9,2023-04-24T23:59:59.999Z
2023-04-23T00:00:00.000Z,2023-04-23T23:59:59.999Z,2023-04-23T12:34:00.000Z,2023-04-23T18:56:00.000Z,2781,21.8164265873,22.2173827656,21.0677181774,21.4801378007,314447869.3,8436749410.77,2023-04-23T23:59:59.999Z
2023-04-22T00:00:00.000Z,2023-04-22T23:59:59.999Z,2023-04-22T22:29:00.000Z,2023-04-22T01:18:00.000Z,2781,21.2774725478,21.9481631651,21.1084908233,21.8162876204,246809009.49,8565902639.99,2023-04-22T23:59:59.999Z
2023-04-21T00:00:00.000Z,2023-04-21T23:59:59.999Z,2023-04-21T01:00:00.000Z,2023-04-21T20:07:00.000Z,2781,22.1838013861,22.3764893618,21.1332991755,21.2781364687,489546773.83,8354361123.9,2023-04-21T23:59:59.999Z
2023-04-20T00:00:00.000Z,2023-04-20T23:59:59.999Z,2023-04-20T13:43:00.000Z,2023-04-20T19:29:00.000Z,2781,22.7046204324,23.1205359172,21.6649615241,22.1814398607,658826580.01,8706109175.47,2023-04-20T23:59:59.999Z
2023-04-19T00:00:00.000Z,2023-04-19T23:59:59.999Z,2023-04-19T00:19:00.000Z,2023-04-19T08:25:00.000Z,2781,24.850411423,24.9395094375,22.2666638805,22.7128354603,836873905.66,8914699148.21,2023-04-19T23:59:59.999Z
2023-04-18T00:00:00.000Z,2023-04-18T23:59:59.999Z,2023-04-18T11:52:00.000Z,2023-04-18T01:17:00.000Z,2781,24.5646863131,25.4232917031,24.1020882191,24.8526891182,487693856.01,9750379899.59,2023-04-18T23:59:59.999Z
2023-04-17T00:00:00.000Z,2023-04-17T23:59:59.999Z,2023-04-17T03:38:00.000Z,2023-04-17T16:28:00.000Z,2781,25.3624807425,25.9383351048,24.4068988554,24.5588456127,789077236.93,9635416804.76,2023-04-17T23:59:59.999Z
2023-04-16T00:00:00.000Z,2023-04-16T23:59:59.999Z,2023-04-16T22:58:00.000Z,2023-04-16T01:17:00.000Z,2781,24.0797867794,25.4541428243,23.9478146355,25.3619267539,466841333.01,9950761125.91,2023-04-16T23:59:59.999Z
2023-04-15T00:00:00.000Z,2023-04-15T23:59:59.999Z,2023-04-15T00:00:00.000Z,2023-04-15T21:11:00.000Z,2781,24.7746105185,24.7746105185,23.8720279764,24.0793782151,379745930.03,9436092839.33,2023-04-15T23:59:59.999Z
2023-04-14T00:00:00.000Z,2023-04-14T23:59:59.999Z,2023-04-14T06:40:00.000Z,2023-04-14T16:52:00.000Z,2781,24.4357779908,25.4613932565,23.817446521,24.7727219053,859037932.58,9705211459.11,2023-04-14T23:59:59.999Z
2023-04-13T00:00:00.000Z,2023-04-13T23:59:59.999Z,2023-04-13T12:52:00.000Z,2023-04-13T01:23:00.000Z,2781,23.8108818423,25.2424573,23.7047955829,24.4323091591,792335438.01,9568658412.25,2023-04-13T23:59:59.999Z
2023-04-12T00:00:00.000Z,2023-04-12T23:59:59.999Z,2023-04-12T13:19:00.000Z,2023-04-12T02:56:00.000Z,2781,23.0187995891,24.3446521816,22.423228705,23.9853058726,1204250257.74,9393658012.39,2023-04-12T23:59:59.999Z
2023-04-11T00:00:00.000Z,2023-04-11T23:59:59.999Z,2023-04-11T16:37:00.000Z,2023-04-11T00:11:00.000Z,2781,20.8839288559,23.6359548574,20.8601943593,23.0188272855,1083533914.1,9010703871.75,2023-04-11T23:59:59.999Z
2023-04-10T00:00:00.000Z,2023-04-10T23:59:59.999Z,2023-04-10T23:40:00.000Z,2023-04-10T14:02:00.000Z,2781,20.3002352739,20.9365265686,20.11570712,20.8823574404,224169191.61,8104132828.56,2023-04-10T23:59:59.999Z
2023-04-09T00:00:00.000Z,2023-04-09T23:59:59.999Z,2023-04-09T22:08:00.000Z,2023-04-09T07:09:00.000Z,2781,20.0383702084,20.4207058717,19.9643784139,20.2994654843,152580904.57,7877620348.04,2023-04-09T23:59:59.999Z
2023-04-08T00:00:00.000Z,2023-04-08T23:59:59.999Z,2023-04-08T06:29:00.000Z,2023-04-08T22:51:00.000Z,2781,20.4666735561,20.7132363996,19.947696373,20.0364499342,194413926.93,7772940907.85,2023-04-08T23:59:59.999Z
2023-04-07T00:00:00.000Z,2023-04-07T23:59:59.999Z,2023-04-07T01:10:00.000Z,2023-04-07T09:04:00.000Z,2781,20.611344588,20.7717244587,20.2676751894,20.4699414481,171660855.88,7941127596.05,2023-04-07T23:59:59.999Z
2023-04-06T00:00:00.000Z,2023-04-06T23:59:59.999Z,2023-04-06T00:01:00.000Z,2023-04-06T10:49:00.000Z,2781,20.969714149,20.970621431,20.5064152351,20.610128572,222557225.31,7979840111.64,2023-04-06T23:59:59.999Z
2023-04-05T00:00:00.000Z,2023-04-05T23:59:59.999Z,2023-04-05T00:58:00.000Z,2023-04-05T17:04:00.000Z,2781,20.9245381973,21.3191783479,20.6709774062,20.9660077215,324885702.28,8117656148.02,2023-04-05T23:59:59.999Z
2023-04-04T00:00:00.000Z,2023-04-04T23:59:59.999Z,2023-04-04T12:34:00.000Z,2023-04-04T05:02:00.000Z,2781,20.4426492458,21.2363777427,20.3527201698,20.9246200091,305630170.04,8098499393.03,2023-04-04T23:59:59.999Z
2023-04-03T00:00:00.000Z,2023-04-03T23:59:59.999Z,2023-04-03T19:47:00.000Z,2023-04-03T04:46:00.000Z,2781,20.5360376281,20.9340969518,20.0249034495,20.4430507797,437266506.36,7890447207.2,2023-04-03T23:59:59.999Z
2023-04-02T00:00:00.000Z,2023-04-02T23:59:59.999Z,2023-04-02T07:34:00.000Z,2023-04-02T22:23:00.000Z,2781,21.0879917464,21.2860857966,20.3156997832,20.5369759896,229561590.55,7920489152.32,2023-04-02T23:59:59.999Z
2023-04-01T00:00:00.000Z,2023-04-01T23:59:59.999Z,2023-04-01T02:04:00.000Z,2023-04-01T17:00:00.000Z,2781,21.1713534169,21.3138892002,20.8589048997,20.9756421085,209186326.57,8089684453.4,2023-04-01T23:59:59.999Z
2023-03-31T00:00:00.000Z,2023-03-31T23:59:59.999Z,2023-03-31T22:59:00.000Z,2023-03-31T07:41:00.000Z,2781,20.5525148417,21.4419994099,20.1552426257,21.1704964622,352864960.46,8163409987.23,2023-03-31T23:59:59.999Z
2023-03-30T00:00:00.000Z,2023-03-30T23:59:59.999Z,2023-03-30T02:46:00.000Z,2023-03-30T17:34:00.000Z,2781,21.1138404406,21.5905132127,20.2329703853,20.5510466385,472449266.79,7916279051.33,2023-03-30T23:59:59.999Z
2023-03-29T00:00:00.000Z,2023-03-29T23:59:59.999Z,2023-03-29T08:40:00.000Z,2023-03-29T00:17:00.000Z,2781,20.465439996,21.5051443371,20.4581226521,21.1114674547,378726666.61,8120560069.34,2023-03-29T23:59:59.999Z
2023-03-28T00:00:00.000Z,2023-03-28T23:59:59.999Z,2023-03-28T19:56:00.000Z,2023-03-28T10:55:00.000Z,2781,19.9221952362,20.7642069195,19.6655671624,20.4706977509,347656506.09,7871459537.42,2023-03-28T23:59:59.999Z
2023-03-27T00:00:00.000Z,2023-03-27T23:59:59.999Z,2023-03-27T00:05:00.000Z,2023-03-27T15:13:00.000Z,2781,20.9760863812,20.9798249242,19.5080537509,19.9216744919,359607076.85,7650501907.52,2023-03-27T23:59:59.999Z
2023-03-26T00:00:00.000Z,2023-03-26T23:59:59.999Z,2023-03-26T14:01:00.000Z,2023-03-26T00:19:00.000Z,2781,20.4441776634,21.1299820288,20.3456904703,20.9755186213,226663968.0,8052508483.52,2023-03-26T23:59:59.999Z
2023-03-25T00:00:00.000Z,2023-03-25T23:59:59.999Z,2023-03-25T15:56:00.000Z,2023-03-25T19:58:00.000Z,2781,20.6777453719,20.9524815956,20.1848520929,20.4466457322,272949710.99,7849492542.82,2023-03-25T23:59:59.999Z
2023-03-24T00:00:00.000Z,2023-03-24T23:59:59.999Z,2023-03-24T02:11:00.000Z,2023-03-24T18:11:00.000Z,2781,22.2141510882,22.2584349245,20.3558270148,20.6788550129,547225198.13,7938656315.45,2023-03-24T23:59:59.999Z
2023-03-23T00:00:00.000Z,2023-03-23T23:59:59.999Z,2023-03-23T17:07:00.000Z,2023-03-23T02:04:00.000Z,2781,21.475512824,22.7005976498,21.2162767145,22.216777657,555730954.27,8526335021.31,2023-03-23T23:59:59.999Z
2023-03-22T00:00:00.000Z,2023-03-22T23:59:59.999Z,2023-03-22T15:19:00.000Z,2023-03-22T20:02:00.000Z,2781,22.6142766817,23.0673207545,21.1496506243,21.4804850374,851680841.96,8243270038.35,2023-03-22T23:59:59.999Z
2023-03-21T00:00:00.000Z,2023-03-21T23:59:59.999Z,2023-03-21T14:04:00.000Z,2023-03-21T08:28:00.000Z,2781,22.1775891966,23.2237153813,21.6391018288,22.6182676061,745081556.17,8676355478.74,2023-03-21T23:59:59.999Z
2023-03-20T00:00:00.000Z,2023-03-20T23:59:59.999Z,2023-03-20T13:16:00.000Z,2023-03-20T04:04:00.000Z,2781,21.9046120648,23.8311927176,21.5855596757,22.1764653169,1147250538.4,8507167040.19,2023-03-20T23:59:59.999Z
2023-03-19T00:00:00.000Z,2023-03-19T23:59:59.999Z,2023-03-19T16:52:00.000Z,2023-03-19T00:00:00.000Z,2781,21.1982900449,22.4538111038,21.1982900449,21.9034032951,475166076.83,8399587655.63,2023-03-19T23:59:59.999Z
2023-03-18T00:00:00.000Z,2023-03-18T23:59:59.999Z,2023-03-18T04:23:00.000Z,2023-03-18T23:52:00.000Z,2781,21.6324398584,22.8619877179,21.1418701095,21.1959013926,789771840.36,8128292460.37,2023-03-18T23:59:59.999Z
2023-03-17T00:00:00.000Z,2023-03-17T23:59:59.999Z,2023-03-17T23:49:00.000Z,2023-03-17T01:10:00.000Z,2781,19.7300674802,21.6762406401,19.4998183582,21.6291023908,623518285.79,8291613412.04,2023-03-17T23:59:59.999Z
2023-03-16T00:00:00.000Z,2023-03-16T23:59:59.999Z,2023-03-16T19:28:00.000Z,2023-03-16T01:21:00.000Z,2781,19.2994955852,19.8835098886,19.0363114383,19.7305428936,438673097.35,7564303953.96,2023-03-16T23:59:59.999Z
2023-03-15T00:00:00.000Z,2023-03-15T23:59:59.999Z,2023-03-15T05:26:00.000Z,2023-03-15T17:05:00.000Z,2781,20.935295318,21.4889091671,18.8303593405,19.2909809325,816614773.54,7392053745.44,2023-03-15T23:59:59.999Z
2023-03-14T00:00:00.000Z,2023-03-14T23:59:59.999Z,2023-03-14T13:16:00.000Z,2023-03-14T08:16:00.000Z,2781,20.4347084082,22.1066724024,19.9145275836,20.9280343012,1130224251.43,8017180804.16,2023-03-14T23:59:59.999Z
2023-03-13T00:00:00.000Z,2023-03-13T23:59:59.999Z,2023-03-13T15:25:00.000Z,2023-03-13T12:50:00.000Z,2781,20.3107921562,21.3404126983,18.9644723577,20.4337118512,1161164363.95,7828101948.8,2023-03-13T23:59:59.999Z
2023-03-12T00:00:00.000Z,2023-03-12T23:59:59.999Z,2023-03-12T23:47:00.000Z,2023-03-12T07:49:00.000Z,2781,18.2247989492,20.3928897484,17.942476958,20.3105311496,666940878.97,7778097445.21,2023-03-12T23:59:59.999Z
2023-03-11T00:00:00.000Z,2023-03-11T23:59:59.999Z,2023-03-11T02:01:00.000Z,2023-03-11T08:10:00.000Z,2781,18.2431039926,18.848189272,17.1713541726,18.2258443932,696894876.44,6979769156.22,2023-03-11T23:59:59.999Z
2023-03-10T00:00:00.000Z,2023-03-10T23:59:59.999Z,2023-03-10T23:49:00.000Z,2023-03-10T10:43:00.000Z,2781,17.3122509385,18.3233962565,16.117345738,18.2436428485,944032048.23,6988737402.43,2023-03-10T23:59:59.999Z
2023-03-09T00:00:00.000Z,2023-03-09T23:59:59.999Z,2023-03-09T07:09:00.000Z,2023-03-09T21:01:00.000Z,2781,18.4247080517,18.6890456654,16.9431324547,17.308146775,754162560.12,6628088184.92,2023-03-09T23:59:59.999Z
2023-03-08T00:00:00.000Z,2023-03-08T23:59:59.999Z,2023-03-08T00:14:00.000Z,2023-03-08T22:58:00.000Z,2781,20.2439301424,20.3323659024,18.2863040925,18.4211942294,620543520.83,7054346524.44,2023-03-08T23:59:59.999Z
2023-03-07T00:00:00.000Z,2023-03-07T23:59:59.999Z,2023-03-07T01:28:00.000Z,2023-03-07T22:13:00.000Z,2781,20.6346922989,20.8868490634,19.8205967214,20.2447315547,394901279.47,7750027547.15,2023-03-07T23:59:59.999Z
2023-03-06T00:00:00.000Z,2023-03-06T23:59:59.999Z,2023-03-06T16:05:00.000Z,2023-03-06T21:17:00.000Z,2781,20.9784131911,21.0988647927,20.5222137889,20.6350119124,318022843.05,7888834905.22,2023-03-06T23:59:59.999Z
2023-03-05T00:00:00.000Z,2023-03-05T23:59:59.999Z,2023-03-05T01:22:00.000Z,2023-03-05T23:28:00.000Z,2781,20.9663932146,21.6169967211,20.8955635586,20.9785841635,278729462.27,8019674678.27,2023-03-05T23:59:59.999Z
2023-03-04T00:00:00.000Z,2023-03-04T23:59:59.999Z,2023-03-04T01:07:00.000Z,2023-03-04T21:47:00.000Z,2781,21.4000265891,21.5368377566,20.3741454649,20.9668390725,249364880.24,7946100439.04,2023-03-04T23:59:59.999Z
2023-03-03T00:00:00.000Z,2023-03-03T23:59:59.999Z,2023-03-03T00:04:00.000Z,2023-03-03T02:01:00.000Z,2781,21.9865168701,22.0017108633,20.5410781167,21.3993526504,489228523.0,8110041433.06,2023-03-03T23:59:59.999Z
2023-03-02T00:00:00.000Z,2023-03-02T23:59:59.999Z,2023-03-02T00:24:00.000Z,2023-03-02T14:23:00.000Z,2781,22.5053143793,22.5752169767,21.7325098901,21.9848781736,322545445.11,8329009785.75,2023-03-02T23:59:59.999Z
2023-03-01T00:00:00.000Z,2023-03-01T23:59:59.999Z,2023-03-01T08:56:00.000Z,2023-03-01T00:58:00.000Z,2781,21.9121373786,22.7953373881,21.7386783521,22.5064317191,346532017.69,8526627438.19,2023-03-01T23:59:59.999Z
2023-02-28T00:00:00.000Z,2023-02-28T23:59:59.999Z,2023-02-28T00:28:00.000Z,2023-02-28T21:44:00.000Z,2781,22.6909839432,22.7250331979,21.8258131698,21.9163865898,351065863.48,8293114612.68,2023-02-28T23:59:59.999Z
2023-02-27T00:00:00.000Z,2023-02-27T23:59:59.999Z,2023-02-27T15:22:00.000Z,2023-02-27T18:34:00.000Z,2781,23.2557385212,23.3674619035,22.4007673854,22.6925884684,475987023.11,8586734682.83,2023-02-27T23:59:59.999Z
2023-02-26T00:00:00.000Z,2023-02-26T23:59:59.999Z,2023-02-26T20:43:00.000Z,2023-02-26T01:43:00.000Z,2781,22.5238569647,23.4844484964,22.3242390106,23.2560886007,370371590.92,8796808992.02,2023-02-26T23:59:59.999Z
2023-02-25T00:00:00.000Z,2023-02-25T23:59:59.999Z,2023-02-25T02:11:00.000Z,2023-02-25T21:22:00.000Z,2781,23.0588499503,23.2734387148,21.6418625196,22.5233992706,547286025.42,8521883475.19,2023-02-25T23:59:59.999Z
2023-02-24T00:00:00.000Z,2023-02-24T23:59:59.999Z,2023-02-24T01:20:00.000Z,2023-02-24T16:28:00.000Z,2781,23.8996379748,24.0563293577,22.6365562166,23.0530355465,612377428.1,8720714082.69,2023-02-24T23:59:59.999Z
2023-02-23T00:00:00.000Z,2023-02-23T23:59:59.999Z,2023-02-23T03:22:00.000Z,2023-02-23T12:09:00.000Z,2781,24.1824207238,24.6358341572,23.6836691912,23.9008009579,579213278.85,9041194660.77,2023-02-23T23:59:59.999Z
2023-02-22T00:00:00.000Z,2023-02-22T23:59:59.999Z,2023-02-22T01:22:00.000Z,2023-02-22T11:50:00.000Z,2781,24.9497508818,25.135201279,23.3779325965,24.181347884,892548647.27,9144049830.48,2023-02-22T23:59:59.999Z
2023-02-21T00:00:00.000Z,2023-02-21T23:59:59.999Z,2023-02-21T01:02:00.000Z,2023-02-21T21:31:00.000Z,2781,26.1827323967,26.4242974178,24.6738294748,24.9485582633,925847244.68,9436984114.7,2023-02-21T23:59:59.999Z
2023-02-20T00:00:00.000Z,2023-02-20T23:59:59.999Z,2023-02-20T07:25:00.000Z,2023-02-20T01:22:00.000Z,2781,24.8463743644,26.9255807905,24.3420710231,26.1813862722,1459545676.21,9899764059.65,2023-02-20T23:59:59.999Z
2023-02-19T00:00:00.000Z,2023-02-19T23:59:59.999Z,2023-02-19T22:31:00.000Z,2023-02-19T01:55:00.000Z,2781,23.4762069565,25.5207313607,23.2682943775,24.840751873,993875670.74,9392350577.62,2023-02-19T23:59:59.999Z
2023-02-18T00:00:00.000Z,2023-02-18T23:59:59.999Z,2023-02-18T16:55:00.000Z,2023-02-18T11:01:00.000Z,2781,23.1673973357,23.7576346514,22.9677047971,23.478590852,370892072.82,8877337211.5,2023-02-18T23:59:59.999Z
2023-02-17T00:00:00.000Z,2023-02-17T23:59:59.999Z,2023-02-17T20:16:00.000Z,2023-02-17T00:04:00.000Z,2781,22.282129989,23.4933086295,22.1539130049,23.1667577722,580803415.04,8756311140.05,2023-02-17T23:59:59.999Z
2023-02-16T00:00:00.000Z,2023-02-16T23:59:59.999Z,2023-02-16T00:23:00.000Z,2023-02-16T23:55:00.000Z,2781,23.8841900952,24.030553218,22.2642609746,22.2859517424,885086332.95,8392672144.68,2023-02-16T23:59:59.999Z
2023-02-15T00:00:00.000Z,2023-02-15T23:59:59.999Z,2023-02-15T23:55:00.000Z,2023-02-15T02:56:00.000Z,2781,21.8247218529,23.901153174,21.5021012693,23.8839015465,747616299.22,8990838023.54,2023-02-15T23:59:59.999Z
2023-02-14T00:00:00.000Z,2023-02-14T23:59:59.999Z,2023-02-14T15:16:00.000Z,2023-02-14T01:37:00.000Z,2781,20.7815958715,22.245664485,20.7112233978,21.8249536383,865868622.7,8215786249.45,2023-02-14T23:59:59.999Z
2023-02-13T00:00:00.000Z,2023-02-13T23:59:59.999Z,2023-02-13T00:55:00.000Z,2023-02-13T17:57:00.000Z,2781,21.4867884678,21.5296563813,19.8707453009,20.7901007628,693292655.94,7805456770.5,2023-02-13T23:59:59.999Z
2023-02-12T00:00:00.000Z,2023-02-12T23:59:59.999Z,2023-02-12T18:22:00.000Z,2023-02-12T02:48:00.000Z,2781,20.8288750191,22.2606190621,20.6466263308,21.4899775319,532943787.01,8065341451.09,2023-02-12T23:59:59.999Z
2023-02-11T00:00:00.000Z,2023-02-11T23:59:59.999Z,2023-02-11T22:46:00.000Z,2023-02-11T00:01:00.000Z,2781,20.1283912632,20.86067863,20.1194694776,20.8300953277,267159266.61,7816989405.42,2023-02-11T23:59:59.999Z
2023-02-10T00:00:00.000Z,2023-02-10T23:59:59.999Z,2023-02-10T08:24:00.000Z,2023-02-10T22:34:00.000Z,2781,20.4535908602,21.1177281541,19.843343608,20.1301104434,654189929.53,7548273808.05,2023-02-10T23:59:59.999Z
2023-02-09T00:00:00.000Z,2023-02-09T23:59:59.999Z,2023-02-09T01:07:00.000Z,2023-02-09T22:58:00.000Z,2781,23.1980912071,23.279086903,20.2035774041,20.4521278638,797436250.04,7668952353.88,2023-02-09T23:59:59.999Z
2023-02-08T00:00:00.000Z,2023-02-08T23:59:59.999Z,2023-02-08T00:52:00.000Z,2023-02-08T16:35:00.000Z,2781,23.8607295931,24.1480739827,22.8818546572,23.1926703054,534148944.34,8673429359.76,2023-02-08T23:59:59.999Z
2023-02-07T00:00:00.000Z,2023-02-07T23:59:59.999Z,2023-02-07T23:34:00.000Z,2023-02-07T00:44:00.000Z,2781,22.6978223077,23.899799795,22.6070541244,23.8613570231,625438600.16,8905348788.67,2023-02-07T23:59:59.999Z
2023-02-06T00:00:00.000Z,2023-02-06T23:59:59.999Z,2023-02-06T00:46:00.000Z,2023-02-06T23:34:00.000Z,2781,23.4936845671,23.687356847,22.6039037687,22.7063890777,449884792.52,8462646069.05,2023-02-06T23:59:59.999Z
2023-02-05T00:00:00.000Z,2023-02-05T23:59:59.999Z,2023-02-05T06:51:00.000Z,2023-02-05T21:16:00.000Z,2781,24.3195204825,24.4256673293,23.1168266718,23.4934376692,578466007.52,8752875129.7,2023-02-05T23:59:59.999Z
2023-02-04T00:00:00.000Z,2023-02-04T23:59:59.999Z,2023-02-04T13:25:00.000Z,2023-02-04T23:59:00.000Z,2781,24.6799826236,24.8925792914,24.3177464166,24.3177464166,321758042.53,9060009008.88,2023-02-04T23:59:59.999Z
2023-02-03T00:00:00.000Z,2023-02-03T23:59:59.999Z,2023-02-03T15:40:00.000Z,2023-02-03T03:19:00.000Z,2781,24.2608103116,25.0035729055,24.1189754611,24.6808965228,643813200.1,9193991676.19,2023-02-03T23:59:59.999Z
2023-02-02T00:00:00.000Z,2023-02-02T23:59:59.999Z,2023-02-02T18:25:00.000Z,2023-02-02T23:58:00.000Z,2781,24.9887871975,26.0371510013,24.2543069469,24.2650591349,1017290363.75,9030649060.53,2023-02-02T23:59:59.999Z
2023-02-01T00:00:00.000Z,2023-02-01T23:59:59.999Z,2023-02-01T23:34:00.000Z,2023-02-01T18:16:00.000Z,2781,23.9485152304,25.1262360209,22.6431221696,24.9933585284,984317488.74,9301721267.72,2023-02-01T23:59:59.999Z
2023-01-31T00:00:00.000Z,2023-01-31T23:59:59.999Z,2023-01-31T16:43:00.000Z,2023-01-31T11:02:00.000Z,2781,23.9493212144,24.3412877052,23.5922477466,23.9525467954,617019880.12,8902683090.07,2023-01-31T23:59:59.999Z
2023-01-30T00:00:00.000Z,2023-01-30T23:59:59.999Z,2023-01-30T01:05:00.000Z,2023-01-30T20:28:00.000Z,2781,26.1353021775,26.2493159953,23.4891746015,23.9463213232,1084170328.93,8899824159.27,2023-01-30T23:59:59.999Z
2023-01-29T00:00:00.000Z,2023-01-29T23:59:59.999Z,2023-01-29T20:13:00.000Z,2023-01-29T00:20:00.000Z,2781,23.9807866887,26.6528047657,23.8278450695,26.132387135,1131621628.16,9712320322.26,2023-01-29T23:59:59.999Z
2023-01-28T00:00:00.000Z,2023-01-28T23:59:59.999Z,2023-01-28T05:16:00.000Z,2023-01-28T21:01:00.000Z,2781,24.4106021765,25.0173857157,23.841827081,23.9818020172,489857934.01,8909861432.72,2023-01-28T23:59:59.999Z
2023-01-27T00:00:00.000Z,2023-01-27T23:59:59.999Z,2023-01-27T20:10:00.000Z,2023-01-27T14:29:00.000Z,2781,24.3509796291,24.8617646124,23.4987645902,24.4078584837,682926580.62,9068174482.03,2023-01-27T23:59:59.999Z
2023-01-26T00:00:00.000Z,2023-01-26T23:59:59.999Z,2023-01-26T03:16:00.000Z,2023-01-26T16:13:00.000Z,2781,24.561397395,25.1203476993,23.9535389294,24.3506960709,809826004.25,9046927155.47,2023-01-26T23:59:59.999Z
2023-01-25T00:00:00.000Z,2023-01-25T23:59:59.999Z,2023-01-25T22:10:00.000Z,2023-01-25T01:28:00.000Z,2781,22.7962043465,25.2165918336,22.3970070665,24.571446219,1166026841.82,9124390152.68,2023-01-25T23:59:59.999Z
2023-01-24T00:00:00.000Z,2023-01-24T23:59:59.999Z,2023-01-24T02:07:00.000Z,2023-01-24T23:24:00.000Z,2781,24.3521015972,25.1676654957,22.6477831367,22.7956730542,837211316.89,8464994462.74,2023-01-24T23:59:59.999Z
2023-01-23T00:00:00.000Z,2023-01-23T23:59:59.999Z,2023-01-23T03:16:00.000Z,2023-01-23T14:16:00.000Z,2781,24.2315465531,24.885981628,23.9737348415,24.3578080368,874649827.12,9041528050.06,2023-01-23T23:59:59.999Z
2023-01-22T00:00:00.000Z,2023-01-22T23:59:59.999Z,2023-01-22T04:49:00.000Z,2023-01-22T20:55:00.000Z,2781,24.6240420637,25.3892500844,23.7563234412,24.2327900767,1029738786.93,8995147219.92,2023-01-22T23:59:59.999Z
2023-01-21T00:00:00.000Z,2023-01-21T23:59:59.999Z,2023-01-21T10:16:00.000Z,2023-01-21T23:49:00.000Z,2781,25.5515262813,26.4104997201,24.6149940881,24.6278375701,1948796869.95,9141811766.33,2023-01-21T23:59:59.999Z
2023-01-20T00:00:00.000Z,2023-01-20T23:59:59.999Z,2023-01-20T23:41:00.000Z,2023-01-20T06:07:00.000Z,2781,21.4264063794,25.6783333962,21.0045432797,25.5482716443,1419157455.35,9480050214.47,2023-01-20T23:59:59.999Z
2023-01-19T00:00:00.000Z,2023-01-19T23:59:59.999Z,2023-01-19T20:28:00.000Z,2023-01-19T13:22:00.000Z,2781,20.8508283579,21.7654430367,20.528949372,21.4267664118,799641392.39,7950646839.49,2023-01-19T23:59:59.999Z
2023-01-18T00:00:00.000Z,2023-01-18T23:59:59.999Z,2023-01-18T15:14:00.000Z,2023-01-18T16:40:00.000Z,2781,22.886484837,23.4826336582,20.6934979314,20.850633899,1427677517.79,7732679756.66,2023-01-18T23:59:59.999Z
2023-01-17T00:00:00.000Z,2023-01-17T23:59:59.999Z,2023-01-17T11:28:00.000Z,2023-01-17T23:58:00.000Z,2781,23.5806001809,23.8028007175,22.8828923987,22.8840634544,926501251.74,8485865651.78,2023-01-17T23:59:59.999Z
2023-01-16T00:00:00.000Z,2023-01-16T23:59:59.999Z,2023-01-16T07:07:00.000Z,2023-01-16T15:16:00.000Z,2781,22.8750845864,24.7527879329,22.5855974737,23.5775644104,1596086614.59,8741457356.79,2023-01-16T23:59:59.999Z
2023-01-15T00:00:00.000Z,2023-01-15T23:59:59.999Z,2023-01-15T00:25:00.000Z,2023-01-15T09:10:00.000Z,2781,24.2591219781,24.6519869988,22.1168475037,22.8733060636,1661787280.58,8477324165.42,2023-01-15T23:59:59.999Z
2023-01-14T00:00:00.000Z,2023-01-14T23:59:59.999Z,2023-01-14T23:23:00.000Z,2023-01-14T00:02:00.000Z,2781,18.2875055383,24.5650178465,18.2668251757,24.24945891,3399684035.25,8987372935.51,2023-01-14T23:59:59.999Z
2023-01-13T00:00:00.000Z,2023-01-13T23:59:59.999Z,2023-01-13T22:41:00.000Z,2023-01-13T01:52:00.000Z,2781,16.6187259098,18.514465382,16.3813594217,18.2884449456,1037251175.72,6775673243.33,2023-01-13T23:59:59.999Z
2023-01-12T00:00:00.000Z,2023-01-12T23:59:59.999Z,2023-01-12T01:01:00.000Z,2023-01-12T14:46:00.000Z,2781,16.3538119494,16.8084342593,15.7447221036,16.6190441964,884719784.15,6155124381.62,2023-01-12T23:59:59.999Z
2023-01-11T00:00:00.000Z,2023-01-11T23:59:59.999Z,2023-01-11T23:37:00.000Z,2023-01-11T17:01:00.000Z,2781,16.1965782468,16.4465891057,15.3684871714,16.3594164131,630606082.08,6058983579.13,2023-01-11T23:59:59.999Z
2023-01-10T00:00:00.000Z,2023-01-10T23:59:59.999Z,2023-01-10T21:01:00.000Z,2023-01-10T02:52:00.000Z,2781,16.2961973147,16.6400880577,15.7112125504,16.1967232247,833408340.93,5992920994.25,2023-01-10T23:59:59.999Z
2023-01-09T00:00:00.000Z,2023-01-09T23:59:59.999Z,2023-01-09T15:52:00.000Z,2023-01-09T00:00:00.000Z,2781,14.3255331876,17.3615566198,14.3255331876,16.3024632019,2029272607.82,6032061165.59,2023-01-09T23:59:59.999Z
2023-01-08T00:00:00.000Z,2023-01-08T23:59:59.999Z,2023-01-08T23:58:00.000Z,2023-01-08T00:43:00.000Z,2781,13.0915052977,14.3332569468,12.9242859523,14.3199330574,535020165.31,5296617891.21,2023-01-08T23:59:59.999Z
2023-01-07T00:00:00.000Z,2023-01-07T23:59:59.999Z,2023-01-07T00:00:00.000Z,2023-01-07T23:03:00.000Z,2781,13.5267566939,13.5267566939,13.0550733809,13.0922679158,210349250.12,4842544146.22,2023-01-07T23:59:59.999Z
2023-01-06T00:00:00.000Z,2023-01-06T23:59:59.999Z,2023-01-06T23:55:00.000Z,2023-01-06T13:31:00.000Z,2781,13.4205522479,13.5412938426,12.7713239205,13.5258415907,517147909.06,4978350844.16,2023-01-06T23:59:59.999Z
2023-01-05T00:00:00.000Z,2023-01-05T23:59:59.999Z,2023-01-05T20:37:00.000Z,2023-01-05T09:53:00.000Z,2781,13.4349386114,13.7692001194,12.9901924583,13.4193300749,564255824.95,4937388070.0,2023-01-05T23:59:59.999Z
2023-01-04T00:00:00.000Z,2023-01-04T23:59:59.999Z,2023-01-04T08:01:00.000Z,2023-01-04T20:31:00.000Z,2781,13.3515089972,14.095340204,12.922945618,13.4351134711,1142852069.76,4943210591.32,2023-01-04T23:59:59.999Z
2023-01-03T00:00:00.000Z,2023-01-03T23:59:59.999Z,2023-01-03T16:16:00.000Z,2023-01-03T01:58:00.000Z,2781,11.2747272041,13.5002683027,11.0532668265,13.3440462497,1149255381.01,4909716150.36,2023-01-03T23:59:59.999Z
2023-01-02T00:00:00.000Z,2023-01-02T23:59:59.999Z,2023-01-02T22:25:00.000Z,2023-01-02T01:25:00.000Z,2781,9.9832219688,11.372012962,9.8452114712,11.2729666939,558570124.18,4146210010.69,2023-01-02T23:59:59.999Z
2023-01-01T00:00:00.000Z,2023-01-01T23:59:59.999Z,2023-01-01T02:19:00.000Z,2023-01-01T08:41:00.000Z,2781,9.9610363185,10.0528006612,9.7210114676,9.9821727213,194221164.19,3671464072.16,2023-01-01T23:59:59.999Z
